Cogid: 73
	Iquito: h i n a	Zaparo: h i ɲ a
Iquito: h i n a	0	0.285
Zaparo: h i ɲ a	0.285	0

Cogid: 103
	Arabela: s ɨ s aː k a	Iquito: s ɨː s a n a
Arabela: s ɨ s aː k a	0	0.48714285714285716
Iquito: s ɨː s a n a	0.48714285714285716	0

Cogid: 2550
	Iquito: i w iː n i	Arabela: k i n i u	Zaparo: i k i ɲ u
Iquito: i w iː n i	0	0.6211111111111112	0.63
Arabela: k i n i u	0.6211111111111112	0	0.46944444444444444
Zaparo: i k i ɲ u	0.63	0.46944444444444444	0

Cogid: 2181
	Iquito: s ɨː n i	Zaparo: ts a i ɲ u	Arabela: s aː n i u
Iquito: s ɨː n i	0	0.7905555555555557	0.4572222222222222
Zaparo: ts a i ɲ u	0.7905555555555557	0	0.6638888888888888
Arabela: s aː n i u	0.4572222222222222	0.6638888888888888	0

Cogid: 2196
	Arabela: n oː n i u	Iquito: n uː n i
Arabela: n oː n i u	0	0.4572222222222222
Iquito: n uː n i	0.4572222222222222	0

Cogid: 284
	MiranhaCarapana-Tapuya: n a k o o	Zaparo: u k u	Arabela: n u k u	Iquito: n iː k i
MiranhaCarapana-Tapuya: n a k o o	0	0.7355555555555555	0.58	0.58
Zaparo: u k u	0.7355555555555555	0	0.3729166666666667	0.65375
Arabela: n u k u	0.58	0.3729166666666667	0	0.4220833333333333
Iquito: n iː k i	0.58	0.65375	0.4220833333333333	0

Cogid: 320
	Iquito: a n a h a k a	Arabela: n a h a k a
Iquito: a n a h a k a	0	0.29095238095238096
Arabela: n a h a k a	0.29095238095238096	0

Cogid: 2233
	Iquito: a n iː n i	Zaparo: a n i ɲ u	Arabela: n i n i u
Iquito: a n iː n i	0	0.4922222222222222	0.5322222222222222
Zaparo: a n i ɲ u	0.4922222222222222	0	0.48333333333333334
Arabela: n i n i u	0.5322222222222222	0.48333333333333334	0

Cogid: 2308
	Yanesha: o ɹ e t e ɲ e ts	Zaparo: r a t u n u	Arabela: ɾ a t u n u	Iquito: r a r iː n i
Yanesha: o ɹ e t e ɲ e ts	0	0.7770601851851852	0.7770601851851852	0.877337962962963
Zaparo: r a t u n u	0.7770601851851852	0	0.21904761904761905	0.4544047619047619
Arabela: ɾ a t u n u	0.7770601851851852	0.21904761904761905	0	0.5734523809523809
Iquito: r a r iː n i	0.877337962962963	0.4544047619047619	0.5734523809523809	0

Cogid: 2333
	Zaparo: a ts a n u	Iquito: a s aː n i
Zaparo: a ts a n u	0	0.5022222222222222
Iquito: a s aː n i	0.5022222222222222	0

Cogid: 517
	Zaparo: n a m i hʲ a	Iquito: n a m i h a	Arabela: n a m i h i a	Andoa: n a m i h j a
Zaparo: n a m i hʲ a	0	0.229047619047619	0.3553571428571428	0.3657738095238095
Iquito: n a m i h a	0.229047619047619	0	0.29095238095238096	0.30136904761904765
Arabela: n a m i h i a	0.3553571428571428	0.29095238095238096	0	0.2526785714285714
Andoa: n a m i h j a	0.3657738095238095	0.30136904761904765	0.2526785714285714	0

Cogid: 2358
	Zaparo: ɨ t ɨ kʷ a n u	Iquito: i t ɨː n i	Yanesha: a t e ɲ e ts
Zaparo: ɨ t ɨ kʷ a n u	0	0.6555357142857143	0.757797619047619
Iquito: i t ɨː n i	0.6555357142857143	0	0.7424999999999999
Yanesha: a t e ɲ e ts	0.757797619047619	0.7424999999999999	0

Cogid: 572
	Andoa: kʷ a k i	Iquito: a k ɨ
Andoa: kʷ a k i	0	0.5266666666666667
Iquito: a k ɨ	0.5266666666666667	0

Cogid: 2373
	Iquito: k ɨː r ɨː n i	Urarina: k a s i ɲ a a	Zaparo: p ɨ r ɨ n u
Iquito: k ɨː r ɨː n i	0	0.7573809523809523	0.5634523809523809
Urarina: k a s i ɲ a a	0.7573809523809523	0	0.8604761904761905
Zaparo: p ɨ r ɨ n u	0.5634523809523809	0.8604761904761905	0

Cogid: 591
	Zaparo: k a h aː kʷ a	Yagua: s a s i	Andoa: k a h a s o	Iquito: k a h a s i	Arabela: k a h a s u
Zaparo: k a h aː kʷ a	0	0.7324999999999999	0.4325	0.4425	0.4325
Yagua: s a s i	0.7324999999999999	0	0.6015476190476191	0.5252380952380953	0.6015476190476191
Andoa: k a h a s o	0.4325	0.6015476190476191	0	0.2063095238095238	0.1963095238095238
Iquito: k a h a s i	0.4425	0.5252380952380953	0.2063095238095238	0	0.2063095238095238
Arabela: k a h a s u	0.4325	0.6015476190476191	0.1963095238095238	0.2063095238095238	0

Cogid: 663
	Iquito: p aː p aː r a h a	Arabela: s a p i t i aː h a
Iquito: p aː p aː r a h a	0	0.635
Arabela: s a p i t i aː h a	0.635	0

Cogid: 2388
	Iquito: i k a t aː n i	Zaparo: u k a n u
Iquito: i k a t aː n i	0	0.5811309523809524
Zaparo: u k a n u	0.5811309523809524	0

Cogid: 737
	Iquito: t iː t i w a	Waorani: o d o w a
Iquito: t iː t i w a	0	0.6561904761904762
Waorani: o d o w a	0.6561904761904762	0

Cogid: 798
	Zaparo: j au s u k a	Iquito: i j a s iː k a	Arabela: h i h a s o k ua
Zaparo: j au s u k a	0	0.4863095238095238	0.6667824074074074
Iquito: i j a s iː k a	0.4863095238095238	0	0.5111111111111111
Arabela: h i h a s o k ua	0.6667824074074074	0.5111111111111111	0

Cogid: 873
	Zaparo: k u r u h a	Iquito: k u r i k a
Zaparo: k u r u h a	0	0.35619047619047617
Iquito: k u r i k a	0.35619047619047617	0

Cogid: 890
	Wampis: n i	Zaparo: n au	Yanesha: ɲ a	AchuarShiwiar: n i	Iquito: n u	Yagua: n i
Wampis: n i	0	0.3730555555555556	0.7063888888888888	0.04999999999999999	0.3830555555555556	0.06
Zaparo: n au	0.3730555555555556	0	0.6963888888888888	0.3730555555555556	0.3630555555555556	0.3730555555555556
Yanesha: ɲ a	0.7063888888888888	0.6963888888888888	0	0.7063888888888888	0.7163888888888889	0.7063888888888888
AchuarShiwiar: n i	0.04999999999999999	0.3730555555555556	0.7063888888888888	0	0.3830555555555556	0.07
Iquito: n u	0.3830555555555556	0.3630555555555556	0.7163888888888889	0.3830555555555556	0	0.3830555555555556
Yagua: n i	0.06	0.3730555555555556	0.7063888888888888	0.07	0.3830555555555556	0

Cogid: 902
	Arabela: n a k a	Zaparo: a n a k a	Iquito: a n a k a	Andoa: a n a k a
Arabela: n a k a	0	0.3305555555555556	0.3405555555555556	0.3305555555555556
Zaparo: a n a k a	0.3305555555555556	0	0.07	0.06
Iquito: a n a k a	0.3405555555555556	0.07	0	0.07
Andoa: a n a k a	0.3305555555555556	0.06	0.07	0

Cogid: 2444
	Iquito: t uː h iː n i	Arabela: t o h i n i u	Zaparo: t a hʷ i ɲ u
Iquito: t uː h iː n i	0	0.4680357142857143	0.6705952380952381
Arabela: t o h i n i u	0.4680357142857143	0	0.5607142857142857
Zaparo: t a hʷ i ɲ u	0.6705952380952381	0.5607142857142857	0

Cogid: 944
	Iquito: iː n a n a	Arabela: n iː k i a	Zaparo: i ɲ a k a
Iquito: iː n a n a	0	0.5711111111111111	0.555
Arabela: n iː k i a	0.5711111111111111	0	0.6499999999999999
Zaparo: i ɲ a k a	0.555	0.6499999999999999	0

Cogid: 2
	MiranhaCarapana-Tapuya: k u i	WitotoMinica: k u e	Arabela: k ua	Iquito: k i	Ocaina: x o ɯ	WitotoNipode: k u e	Chayahuita: k a	WitotoMurui: k u e	Zaparo: kʷ i hʲ a	Urarina: k a n ɨ	Andoa: k i h a	Shiwilu: kʷ a	Ocaina: x o
MiranhaCarapana-Tapuya: k u i	0	0.2866666666666666	0.5966666666666667	0.49249999999999994	0.755	0.2866666666666666	0.5966666666666667	0.2866666666666666	0.7841666666666666	0.6570833333333332	0.6091666666666666	0.8049999999999999	0.785
WitotoMinica: k u e	0.2866666666666666	0	0.5866666666666667	0.5966666666666667	0.745	0.04000000000000001	0.5866666666666667	0.06	0.8220833333333333	0.6470833333333332	0.6470833333333332	0.8049999999999999	0.775
Arabela: k ua	0.5966666666666667	0.5866666666666667	0	0.3630555555555556	0.7949999999999999	0.5866666666666667	0.3730555555555556	0.5866666666666667	0.8020833333333334	0.6637499999999998	0.64375	0.7163888888888889	0.7163888888888889
Iquito: k i	0.49249999999999994	0.5966666666666667	0.3630555555555556	0	0.8049999999999999	0.5966666666666667	0.3830555555555556	0.5966666666666667	0.7016666666666667	0.6737499999999998	0.5266666666666667	0.7163888888888889	0.7263888888888889
Ocaina: x o ɯ	0.755	0.745	0.7949999999999999	0.8049999999999999	0	0.745	0.7949999999999999	0.745	0.8220833333333333	0.8220833333333333	0.8220833333333333	0.8049999999999999	
WitotoNipode: k u e	0.2866666666666666	0.04000000000000001	0.5866666666666667	0.5966666666666667	0.745	0	0.5866666666666667	0.06	0.8220833333333333	0.6470833333333332	0.6470833333333332	0.8049999999999999	0.775
Chayahuita: k a	0.5966666666666667	0.5866666666666667	0.3730555555555556	0.3830555555555556	0.7949999999999999	0.5866666666666667	0	0.5866666666666667	0.7116666666666666	0.5366666666666666	0.5845833333333333	0.4433333333333333	0.7163888888888889
WitotoMurui: k u e	0.2866666666666666	0.06	0.5866666666666667	0.5966666666666667	0.745	0.06	0.5866666666666667	0	0.8220833333333333	0.6470833333333332	0.6470833333333332	0.8049999999999999	0.775
Zaparo: kʷ i hʲ a	0.7841666666666666	0.8220833333333333	0.8020833333333334	0.7016666666666667	0.8220833333333333	0.8220833333333333	0.7116666666666666	0.8220833333333333	0	0.7754166666666666	0.44999999999999996	0.5945833333333334	0.8220833333333333
Urarina: k a n ɨ	0.6570833333333332	0.6470833333333332	0.6637499999999998	0.6737499999999998	0.8220833333333333	0.6470833333333332	0.5366666666666666	0.6470833333333332	0.7754166666666666	0	0.6004166666666667	0.7216666666666666	0.8220833333333333
Andoa: k i h a	0.6091666666666666	0.6470833333333332	0.64375	0.5266666666666667	0.8220833333333333	0.6470833333333332	0.5845833333333333	0.6470833333333332	0.44999999999999996	0.6004166666666667	0	0.7216666666666666	0.8220833333333333
Shiwilu: kʷ a	0.8049999999999999	0.8049999999999999	0.7163888888888889	0.7163888888888889	0.8049999999999999	0.8049999999999999	0.4433333333333333	0.8049999999999999	0.5945833333333334	0.7216666666666666	0.7216666666666666	0	0.7263888888888889
Ocaina: x o	0.785	0.775	0.7163888888888889	0.7263888888888889		0.775	0.7163888888888889	0.775	0.8220833333333333	0.8220833333333333	0.8220833333333333	0.7263888888888889	0

Cogid: 1027
	Proto-Bora-Muinane: p a i n o	Iquito: h i n a	Muinane: ɸ a ɲ o	Zaparo: h i ɲ a	Bora: pʰ a ɲ ɛ
Proto-Bora-Muinane: p a i n o	0	0.59	0.5988888888888888	0.7077777777777777	0.6877777777777777
Iquito: h i n a	0.59	0	0.7854166666666667	0.285	0.7954166666666667
Muinane: ɸ a ɲ o	0.5988888888888888	0.7854166666666667	0	0.6004166666666667	0.4220833333333333
Zaparo: h i ɲ a	0.7077777777777777	0.285	0.6004166666666667	0	0.6104166666666667
Bora: pʰ a ɲ ɛ	0.6877777777777777	0.7954166666666667	0.4220833333333333	0.6104166666666667	0

Cogid: 2501
	Zaparo: a m u n u	Iquito: aː m uː n i	Arabela: m o n u
Zaparo: a m u n u	0	0.5161111111111112	0.4583333333333333
Iquito: aː m uː n i	0.5161111111111112	0	0.595
Arabela: m o n u	0.4583333333333333	0.595	0

Cogid: 2536
	Iquito: s a t aː n i	Yanesha: tʃ e ʔ t e ɲ e ts	Zaparo: ts u t a n u
Iquito: s a t aː n i	0	0.7870601851851852	0.5615476190476191
Yanesha: tʃ e ʔ t e ɲ e ts	0.7870601851851852	0	0.7770601851851852
Zaparo: ts u t a n u	0.5615476190476191	0.7770601851851852	0

Cogid: 1053
	Iquito: iː m ɨ	Andoa: n aː m e	Zaparo: u ɨ m ɨ	Iquito: n aː m ɨ
Iquito: iː m ɨ	0	0.65375	0.51	
Andoa: n aː m e	0.65375	0	0.6270833333333333	0.24708333333333332
Zaparo: u ɨ m ɨ	0.51	0.6270833333333333	0	0.49333333333333335
Iquito: n aː m ɨ		0.24708333333333332	0.49333333333333335	0

Cogid: 1110
	Iquito: k u w aː h a	Zaparo: k a w a h a	Arabela: k o w a h a
Iquito: k u w aː h a	0	0.34619047619047616	0.34619047619047616
Zaparo: k a w a h a	0.34619047619047616	0	0.2171428571428571
Arabela: k o w a h a	0.34619047619047616	0.2171428571428571	0

Cogid: 1130
	Zaparo: s aː k a	Iquito: s aː n a
Zaparo: s aː k a	0	0.305
Iquito: s aː n a	0.305	0

Cogid: 1147
	Arabela: s u k ua n a h a	Zaparo: s u k a n a w a	Iquito: s i kʷ a n a h a	Andoa: s o kʷ a n a h a
Arabela: s u k ua n a h a	0	0.2912962962962963	0.3908333333333333	0.37157407407407406
Zaparo: s u k a n a w a	0.2912962962962963	0	0.4008333333333333	0.3908333333333333
Iquito: s i kʷ a n a h a	0.3908333333333333	0.4008333333333333	0	0.21027777777777779
Andoa: s o kʷ a n a h a	0.37157407407407406	0.3908333333333333	0.21027777777777779	0

Cogid: 1252
	Zaparo: a t u p a m a	Iquito: i t i p u m a
Zaparo: a t u p a m a	0	0.3972023809523809
Iquito: i t i p u m a	0.3972023809523809	0

Cogid: 1325
	Zaparo: a r i tʃ a kʷ a	Arabela: ɾ i k i a	Iquito: r i k iː h a
Zaparo: a r i tʃ a kʷ a	0	0.6633928571428571	0.5989880952380952
Arabela: ɾ i k i a	0.6633928571428571	0	0.5171428571428571
Iquito: r i k iː h a	0.5989880952380952	0.5171428571428571	0

Cogid: 1361
	Zaparo: n i ɲ a	Iquito: n iː n a k i	Arabela: n i u k ua
Zaparo: n i ɲ a	0	0.6361904761904762	0.5361111111111111
Iquito: n iː n a k i	0.6361904761904762	0	0.603452380952381
Arabela: n i u k ua	0.5361111111111111	0.603452380952381	0

Cogid: 1378
	Arabela: n a h a k ua	Aguaruna: n ʊ h i	Zaparo: n a h u k a	Andoa: n a h u kʷ a	Shuar: n u h i	Wampis: n u h i	Iquito: n a h i k a	AchuarShiwiar: n u h i
Arabela: n a h a k ua	0	0.625357142857143	0.3034523809523809	0.4225	0.625357142857143	0.625357142857143	0.301547619047619	0.625357142857143
Aguaruna: n ʊ h i	0.625357142857143	0	0.625357142857143	0.625357142857143	0.275	0.275	0.549047619047619	0.275
Zaparo: n a h u k a	0.3034523809523809	0.625357142857143	0	0.21904761904761905	0.613452380952381	0.613452380952381	0.239047619047619	0.613452380952381
Andoa: n a h u kʷ a	0.4225	0.625357142857143	0.21904761904761905	0	0.613452380952381	0.613452380952381	0.358095238095238	0.613452380952381
Shuar: n u h i	0.625357142857143	0.275	0.613452380952381	0.613452380952381	0	0.06	0.549047619047619	0.06
Wampis: n u h i	0.625357142857143	0.275	0.613452380952381	0.613452380952381	0.06	0	0.549047619047619	0.06
Iquito: n a h i k a	0.301547619047619	0.549047619047619	0.239047619047619	0.358095238095238	0.549047619047619	0.549047619047619	0	0.549047619047619
AchuarShiwiar: n u h i	0.625357142857143	0.275	0.613452380952381	0.613452380952381	0.06	0.06	0.549047619047619	0

Cogid: 1446
	Zaparo: n u k a k ɨ h a	Iquito: n uː k iː k a
Zaparo: n u k a k ɨ h a	0	0.5459953703703704
Iquito: n uː k iː k a	0.5459953703703704	0

Cogid: 1460
	Iquito: t aː n a	Arabela: t a m a	Ticuna: t o	Zaparo: t a k a	Yagua: t i
Iquito: t aː n a	0	0.4533333333333333	0.6737499999999998	0.4633333333333333	0.6737499999999998
Arabela: t a m a	0.4533333333333333	0	0.6737499999999998	0.295	0.6637499999999998
Ticuna: t o	0.6737499999999998	0.6737499999999998	0	0.6737499999999998	0.3830555555555556
Zaparo: t a k a	0.4633333333333333	0.295	0.6737499999999998	0	0.6637499999999998
Yagua: t i	0.6737499999999998	0.6637499999999998	0.3830555555555556	0.6637499999999998	0

Cogid: 1478
	Iquito: k aː j a	Zaparo: k a j a
Iquito: k aː j a	0	0.2683333333333333
Zaparo: k a j a	0.2683333333333333	0

Cogid: 2604
	Canichana: n i n a	Iquito: a n iː n i
Canichana: n i n a	0	0.5911111111111111
Iquito: a n iː n i	0.5911111111111111	0

Cogid: 1581
	Arabela: n u h u a	Iquito: a n i h a
Arabela: n u h u a	0	0.5711111111111111
Iquito: a n i h a	0.5711111111111111	0

Cogid: 1634
	Zaparo: i tʃ a hʷ a	Andoa: i tʃ o h a	Iquito: iː s a h a
Zaparo: i tʃ a hʷ a	0	0.3794444444444444	0.555
Andoa: i tʃ o h a	0.3794444444444444	0	0.555
Iquito: iː s a h a	0.555	0.555	0

Cogid: 1671
	Yanesha: o t e ɲ e ts	Zaparo: a t i ɲ u	Urarina: a i t u n a	Iquito: a r iː n i
Yanesha: o t e ɲ e ts	0	0.625357142857143	0.8069047619047619	0.861547619047619
Zaparo: a t i ɲ u	0.625357142857143	0	0.5688095238095238	0.6438888888888888
Urarina: a i t u n a	0.8069047619047619	0.5688095238095238	0	0.623452380952381
Iquito: a r iː n i	0.861547619047619	0.6438888888888888	0.623452380952381	0

Cogid: 2623
	Zaparo: a r i ʃ u n u	Iquito: a r iː n i
Zaparo: a r i ʃ u n u	0	0.5528571428571428
Iquito: a r iː n i	0.5528571428571428	0

Cogid: 1701
	Zaparo: n u k i ɲ u	Arabela: n i k i n i u	Iquito: n i k iː n i
Zaparo: n u k i ɲ u	0	0.45803571428571427	0.5396428571428571
Arabela: n i k i n i u	0.45803571428571427	0	0.35494047619047614
Iquito: n i k iː n i	0.5396428571428571	0.35494047619047614	0

Cogid: 2633
	Zaparo: k u s u p ɨ n u	Iquito: s i p uː n i
Zaparo: k u s u p ɨ n u	0	0.6206481481481482
Iquito: s i p uː n i	0.6206481481481482	0

Cogid: 1798
	Zaparo: i tʃ au k ɨ	Iquito: i s ɨ k ɨ
Zaparo: i tʃ au k ɨ	0	0.42333333333333334
Iquito: i s ɨ k ɨ	0.42333333333333334	0

Cogid: 1825
	Arabela: m a k uɨ n u	Iquito: m a k ɨː n i	Zaparo: m a k ɨ n u
Arabela: m a k uɨ n u	0	0.32535714285714284	0.229047619047619
Iquito: m a k ɨː n i	0.32535714285714284	0	0.32535714285714284
Zaparo: m a k ɨ n u	0.229047619047619	0.32535714285714284	0

Cogid: 2661
	Zaparo: n a h uː n u	Iquito: n a h i w ɨː n i
Zaparo: n a h uː n u	0	0.4954861111111111
Iquito: n a h i w ɨː n i	0.4954861111111111	0

Cogid: 1865
	Arabela: n a h a k a	Iquito: a n a h a k a	Zaparo: a h a n a k a
Arabela: n a h a k a	0	0.29095238095238096	0.42934523809523806
Iquito: a n a h a k a	0.29095238095238096	0	0.32452380952380955
Zaparo: a h a n a k a	0.42934523809523806	0.32452380952380955	0

Cogid: 2675
	Zaparo: a r u k u n o	Iquito: a r uː k iː n i	Arabela: ɾ i o k o n u
Zaparo: a r u k u n o	0	0.39976190476190476	0.6142857142857143
Iquito: a r uː k iː n i	0.39976190476190476	0	0.6451190476190476
Arabela: ɾ i o k o n u	0.6142857142857143	0.6451190476190476	0

Cogid: 1971
	Arabela: s aː h i a	Iquito: s a w i h a
Arabela: s aː h i a	0	0.5152380952380953
Iquito: s a w i h a	0.5152380952380953	0

Cogid: 2047
	Aguaruna: a n ʊ	Taushiro: n i	AchuarShiwiar: n u	Wampis: a u	Iquito: iː n a	Urarina: n i i	Shuar: n u	Candoshi-Shapra: i n i
Aguaruna: a n ʊ	0	0.6283333333333333	0.6083333333333333	0.5666666666666667	0.515	0.7116666666666667	0.6083333333333333	0.5258333333333333
Taushiro: n i	0.6283333333333333	0	0.3730555555555556	0.7463888888888888	0.6383333333333333	0.38916666666666666	0.3730555555555556	0.45166666666666666
AchuarShiwiar: n u	0.6083333333333333	0.3730555555555556	0	0.48333333333333334	0.6383333333333333	0.5866666666666667	0.04000000000000001	0.6283333333333333
Wampis: a u	0.5666666666666667	0.7463888888888888	0.48333333333333334	0	0.7425	0.7949999999999999	0.48333333333333334	0.7949999999999999
Iquito: iː n a	0.515	0.6383333333333333	0.6383333333333333	0.7425	0	0.7216666666666667	0.6383333333333333	0.5358333333333333
Urarina: n i i	0.7116666666666667	0.38916666666666666	0.5866666666666667	0.7949999999999999	0.7216666666666667	0	0.5866666666666667	0.30583333333333335
Shuar: n u	0.6083333333333333	0.3730555555555556	0.04000000000000001	0.48333333333333334	0.6383333333333333	0.5866666666666667	0	0.6283333333333333
Candoshi-Shapra: i n i	0.5258333333333333	0.45166666666666666	0.6283333333333333	0.7949999999999999	0.5358333333333333	0.30583333333333335	0.6283333333333333	0

Cogid: 2065
	Zaparo: a t i	Ocaina: tʲ aː	Iquito: t iː
Zaparo: a t i	0	0.7949999999999999	0.6183333333333333
Ocaina: tʲ aː	0.7949999999999999	0	0.7163888888888889
Iquito: t iː	0.6183333333333333	0.7163888888888889	0

Cogid: 2076
	Yanesha: ɲ e t	AchuarShiwiar: n i	Shuar: n iː	Arabela: n a	Wampis: n i t a	Iquito: n a
Yanesha: ɲ e t	0	0.815	0.8049999999999999	0.7949999999999999	0.695	0.8049999999999999
AchuarShiwiar: n i	0.815	0	0.3630555555555556	0.3930555555555556	0.5366666666666666	0.3930555555555556
Shuar: n iː	0.8049999999999999	0.3630555555555556	0	0.3830555555555556	0.65375	0.3830555555555556
Arabela: n a	0.7949999999999999	0.3930555555555556	0.3830555555555556	0	0.5845833333333333	0.07
Wampis: n i t a	0.695	0.5366666666666666	0.65375	0.5845833333333333	0	0.5945833333333334
Iquito: n a	0.8049999999999999	0.3930555555555556	0.3830555555555556	0.07	0.5945833333333334	0

Cogid: 2115
	Iquito: k iː s a n a	Proto-Bora-Muinane: ɨ t ts i	Bora: ɯ h tsʰ i	Muinane: ɨ s i n o
Iquito: k iː s a n a	0	0.861547619047619	0.861547619047619	0.635357142857143
Proto-Bora-Muinane: ɨ t ts i	0.861547619047619	0	0.675	0.6488888888888888
Bora: ɯ h tsʰ i	0.861547619047619	0.675	0	0.7805555555555557
Muinane: ɨ s i n o	0.635357142857143	0.6488888888888888	0.7805555555555557	0

Cogid: 2130
	Taushiro: n i	Arabela: n i o	Iquito: iː n a	Candoshi-Shapra: i n i
Taushiro: n i	0	0.42999999999999994	0.6283333333333333	0.45166666666666666
Arabela: n i o	0.42999999999999994	0	0.7016666666666667	0.4716666666666667
Iquito: iː n a	0.6283333333333333	0.7016666666666667	0	0.5258333333333333
Candoshi-Shapra: i n i	0.45166666666666666	0.4716666666666667	0.5258333333333333	0

Cogid: 2142
	Arabela: k i a	Iquito: kʲ aː
Arabela: k i a	0	0.775
Iquito: kʲ aː	0.775	0

Cogid: 2794
	Iquito: s i m aː h uː t aː n i	Zaparo: a h a t a n u
Iquito: s i m aː h uː t aː n i	0	0.656590909090909
Zaparo: a h a t a n u	0.656590909090909	0

Cogid: 2873
	Iquito: n ɨː t i	Arabela: n i t i	Andoa: n i t i
Iquito: n ɨː t i	0	0.2683333333333333	0.2683333333333333
Arabela: n i t i	0.2683333333333333	0	0.06
Andoa: n i t i	0.2683333333333333	0.06	0

Cogid: 2892
	Tequiraca: a k a	Arabela: k i a h a	Iquito: iː k a	Andoa: i kʲ a h a
Tequiraca: a k a	0	0.6299999999999999	0.34833333333333333	0.6577777777777777
Arabela: k i a h a	0.6299999999999999	0	0.6738888888888888	0.38055555555555554
Iquito: iː k a	0.34833333333333333	0.6738888888888888	0	0.7127777777777778
Andoa: i kʲ a h a	0.6577777777777777	0.38055555555555554	0.7127777777777778	0

Cogid: 2914
	Iquito: n aː n a	Juri: n o i n l n o	Coeruna: t a i n a	Yagua: n i n u	Zaparo: n a k u n a	Arabela: n aː n a	Urarina: n ɨ ɨ n a	Juri: n o i n o
Iquito: n aː n a	0	0.6751190476190476	0.615	0.45208333333333334	0.539047619047619	0.07999999999999999	0.4772222222222222	0.59
Juri: n o i n l n o	0.6751190476190476	0	0.6551190476190476	0.5907142857142857	0.6651190476190476	0.6651190476190476	0.6751190476190476	
Coeruna: t a i n a	0.615	0.6551190476190476	0	0.5661111111111111	0.549047619047619	0.605	0.585	0.5261111111111112
Yagua: n i n u	0.45208333333333334	0.5907142857142857	0.5661111111111111	0	0.613452380952381	0.4320833333333333	0.566111111111111	0.4633333333333333
Zaparo: n a k u n a	0.539047619047619	0.6651190476190476	0.549047619047619	0.613452380952381	0	0.5190476190476191	0.5371428571428571	0.623452380952381
Arabela: n aː n a	0.07999999999999999	0.6651190476190476	0.605	0.4320833333333333	0.5190476190476191	0	0.4772222222222222	0.58
Urarina: n ɨ ɨ n a	0.4772222222222222	0.6751190476190476	0.585	0.566111111111111	0.5371428571428571	0.4772222222222222	0	0.5361111111111111
Juri: n o i n o	0.59		0.5261111111111112	0.4633333333333333	0.623452380952381	0.58	0.5361111111111111	0

Cogid: 2930
	Iquito: k uː p ɨ	Arabela: k aː p i k i	Iquito: k uː m i
Iquito: k uː p ɨ	0	0.6153571428571429	
Arabela: k aː p i k i	0.6153571428571429	0	0.6242857142857142
Iquito: k uː m i		0.6242857142857142	0

Cogid: 2832
	Iquito: i k i n iː n i	Zaparo: i k ɨ n i ɲ u
Iquito: i k i n iː n i	0	0.48160714285714284
Zaparo: i k ɨ n i ɲ u	0.48160714285714284	0

Cogid: 2847
	Zaparo: au k u n u	Iquito: iː k uː n i
Zaparo: au k u n u	0	0.5061111111111112
Iquito: iː k uː n i	0.5061111111111112	0

Cogid: 2857
	Zaparo: ts u k i rʲ au h u n u	Iquito: s i k i t aː n i
Zaparo: ts u k i rʲ au h u n u	0	0.6490151515151514
Iquito: s i k i t aː n i	0.6490151515151514	0

Cogid: 2959
	Arabela: m o w a k a	Andoa: m o a k a	Iquito: aː k a
Arabela: m o w a k a	0	0.3136904761904762	0.6361904761904762
Andoa: m o a k a	0.3136904761904762	0	0.585
Iquito: aː k a	0.6361904761904762	0.585	0

Cogid: 2985
	Zaparo: k a n a h a	WitotoNipode: k aɯ	WitotoMinica: k a ɯ ŋ aɯ	WitotoMinica: k aɯ	WitotoMurui: k aɯ	Iquito: k a n a	WitotoMurui: k ai ɲ aɯ
Zaparo: k a n a h a	0	0.7544047619047619	0.6115476190476191	0.7544047619047619	0.7544047619047619	0.41	0.7424999999999999
WitotoNipode: k aɯ	0.7544047619047619	0	0.6277777777777778	0.04000000000000001	0.04000000000000001	0.6637499999999998	0.5645833333333333
WitotoMinica: k a ɯ ŋ aɯ	0.6115476190476191	0.6277777777777778	0		0.6277777777777778	0.556111111111111	0.575
WitotoMinica: k aɯ	0.7544047619047619	0.04000000000000001		0	0.04000000000000001	0.6637499999999998	0.5645833333333333
WitotoMurui: k aɯ	0.7544047619047619	0.04000000000000001	0.6277777777777778	0.04000000000000001	0	0.6637499999999998	
Iquito: k a n a	0.41	0.6637499999999998	0.556111111111111	0.6637499999999998	0.6637499999999998	0	0.5970833333333333
WitotoMurui: k ai ɲ aɯ	0.7424999999999999	0.5645833333333333	0.575	0.5645833333333333		0.5970833333333333	0

Cogid: 2994
	Zaparo: p ɨ a k a	Iquito: p ɨː
Zaparo: p ɨ a k a	0	0.7016666666666665
Iquito: p ɨː	0.7016666666666665	0

Cogid: 2999
	Arabela: p i k iː k i a	Iquito: p i k a n a
Arabela: p i k iː k i a	0	0.4576190476190476
Iquito: p i k a n a	0.4576190476190476	0

Cogid: 3016
	Arabela: k a s aː	Zaparo: k a ts a k a	Iquito: s aː k aː
Arabela: k a s aː	0	0.5915476190476191	0.6316666666666667
Zaparo: k a ts a k a	0.5915476190476191	0	0.7225
Iquito: s aː k aː	0.6316666666666667	0.7225	0

Cogid: 3033
	Iquito: h ɨː t i k a r i	Zaparo: t i j a k a r i	Arabela: k a ɾ i
Iquito: h ɨː t i k a r i	0	0.4633333333333333	0.6455324074074074
Zaparo: t i j a k a r i	0.4633333333333333	0	0.6262731481481482
Arabela: k a ɾ i	0.6455324074074074	0.6262731481481482	0

Cogid: 3046
	Arabela: t ɨː	Iquito: t ɨː t i	Urarina: dʒ i	Aguaruna: t ʊ w i	Wampis: t u i	Yagua: t e
Arabela: t ɨː	0	0.5266666666666667	0.6963888888888888	0.6637499999999998	0.5866666666666667	0.3830555555555556
Iquito: t ɨː t i	0.5266666666666667	0	0.7216666666666666	0.5	0.53	0.6670833333333333
Urarina: dʒ i	0.6963888888888888	0.7216666666666666	0	0.7116666666666666	0.6491666666666667	0.7163888888888889
Aguaruna: t ʊ w i	0.6637499999999998	0.5	0.7116666666666666	0	0.5166666666666667	0.6737499999999998
Wampis: t u i	0.5866666666666667	0.53	0.6491666666666667	0.5166666666666667	0	0.5966666666666667
Yagua: t e	0.3830555555555556	0.6670833333333333	0.7163888888888889	0.6737499999999998	0.5966666666666667	0

Cogid: 3085
	Resigaro: k eː n i	Arabela: k a n a	Zaparo: k a n a t ɨ	Iquito: k a n ɨː k a
Resigaro: k eː n i	0	0.4320833333333333	0.625357142857143	0.635357142857143
Arabela: k a n a	0.4320833333333333	0	0.39999999999999997	0.4308333333333334
Zaparo: k a n a t ɨ	0.625357142857143	0.39999999999999997	0	0.42059523809523813
Iquito: k a n ɨː k a	0.635357142857143	0.4308333333333334	0.42059523809523813	0

Cogid: 3180
	Andoa: m a a h i	Arabela: m aː h i	Iquito: m ɨː s a h i
Andoa: m a a h i	0	0.4472222222222222	0.3653571428571429
Arabela: m aː h i	0.4472222222222222	0	0.5290476190476191
Iquito: m ɨː s a h i	0.3653571428571429	0.5290476190476191	0

Cogid: 3247
	Iquito: a m a r i j aː n a	Zaparo: a m a r i hʲ a	Arabela: m a ɾ i h i a
Iquito: a m a r i j aː n a	0	0.41	0.5766666666666667
Zaparo: a m a r i hʲ a	0.41	0	0.5116071428571428
Arabela: m a ɾ i h i a	0.5766666666666667	0.5116071428571428	0

Cogid: 3234
	Zaparo: k i ɲ a h a	Iquito: k i n a
Zaparo: k i ɲ a h a	0	0.5171428571428571
Iquito: k i n a	0.5171428571428571	0

Cogid: 33
	Ticuna: ɾ ɯ a tɕ i	Shuar: ʃ a	Ticuna: ɲ u a tɕ i	Ticuna: tɕ i	Ticuna: ɾ ɯ
Ticuna: ɾ ɯ a tɕ i	0	0.7744444444444445			
Shuar: ʃ a	0.7744444444444445	0	0.7744444444444445	0.7263888888888889	0.7263888888888889
Ticuna: ɲ u a tɕ i		0.7744444444444445	0		
Ticuna: tɕ i		0.7263888888888889		0	
Ticuna: ɾ ɯ		0.7263888888888889			0

Cogid: 2185
	Muniche: ʂ a	Ticuna: tɕ i
Muniche: ʂ a	0	0.7363888888888889
Ticuna: tɕ i	0.7363888888888889	0

Cogid: 2186
	WitotoMinica: aɯ n i d e	WitotoMurui: aɯ n i d e	Ticuna: ŋ o	WitotoNipode: aɯ n i d e	Ocaina: aː n ɯ
WitotoMinica: aɯ n i d e	0	0.06	0.8494444444444444	0.04000000000000001	0.6916666666666665
WitotoMurui: aɯ n i d e	0.06	0	0.8494444444444444	0.06	0.6916666666666665
Ticuna: ŋ o	0.8494444444444444	0.8494444444444444	0	0.8494444444444444	0.8049999999999999
WitotoNipode: aɯ n i d e	0.04000000000000001	0.06	0.8494444444444444	0	0.6916666666666665
Ocaina: aː n ɯ	0.6916666666666665	0.6916666666666665	0.8049999999999999	0.6916666666666665	0

Cogid: 371
	Ticuna: ɯ ʔ a	Ocaina: ɲ aː ʔ ɯ
Ticuna: ɯ ʔ a	0	0.6570833333333332
Ocaina: ɲ aː ʔ ɯ	0.6570833333333332	0

Cogid: 403
	Ticuna: p a	Aguaruna: b ʊ k ʊ
Ticuna: p a	0	0.8320833333333333
Aguaruna: b ʊ k ʊ	0.8320833333333333	0

Cogid: 518
	Ticuna: ʔ e t ɯ	Muinane: a a dʒ ɨ + ɨ	Proto-Bora-Muinane: a dʒ ɨ + ɨ	Juri: i t i	Bora: ʔ a tʃ ɯ + ɯ
Ticuna: ʔ e t ɯ	0	0.871547619047619	0.8594444444444445	0.65375	0.6542857142857142
Muinane: a a dʒ ɨ + ɨ	0.871547619047619	0	0.27904761904761904	0.871547619047619	0.5488095238095237
Proto-Bora-Muinane: a dʒ ɨ + ɨ	0.8594444444444445	0.27904761904761904	0	0.8594444444444445	0.6361904761904762
Juri: i t i	0.65375	0.871547619047619	0.8594444444444445	0	0.871547619047619
Bora: ʔ a tʃ ɯ + ɯ	0.6542857142857142	0.5488095238095237	0.6361904761904762	0.871547619047619	0

Cogid: 546
	Muniche: t i h n a	Ticuna: dʑ a ʔ n a	Shuar: j a h a	Wampis: j a h a
Muniche: t i h n a	0	0.575	0.6199999999999999	0.6199999999999999
Ticuna: dʑ a ʔ n a	0.575	0	0.605	0.605
Shuar: j a h a	0.6199999999999999	0.605	0	0.06
Wampis: j a h a	0.6199999999999999	0.605	0.06	0

Cogid: 582
	Wampis: a p a	Ticuna: p a p a	Shuar: a p a
Wampis: a p a	0	0.40291666666666665	0.06
Ticuna: p a p a	0.40291666666666665	0	0.40291666666666665
Shuar: a p a	0.06	0.40291666666666665	0

Cogid: 982
	Ticuna: ɲ u ʔ a k ɯ	Taushiro: ɨ n t ɨ h a n
Ticuna: ɲ u ʔ a k ɯ	0	0.8317857142857142
Taushiro: ɨ n t ɨ h a n	0.8317857142857142	0

Cogid: 1015
	Ticuna: g a	AchuarShiwiar: k a	Ticuna: ŋ e g a	Shuar: k a	Ticuna: e g a
Ticuna: g a	0	0.4633333333333333		0.4633333333333333	
AchuarShiwiar: k a	0.4633333333333333	0	0.7216666666666666	0.04999999999999999	0.6691666666666667
Ticuna: ŋ e g a		0.7216666666666666	0	0.7216666666666666	
Shuar: k a	0.4633333333333333	0.04999999999999999	0.7216666666666666	0	0.6691666666666667
Ticuna: e g a		0.6691666666666667		0.6691666666666667	0

Cogid: 2500
	Ticuna: m a	AchuarShiwiar: m aː t i n	Aguaruna: m oʊ t	Shuar: m a + a	Wampis: m aː t	Yanesha: m ɨ s e ɲ e ts
Ticuna: m a	0	0.7216666666666666	0.5966666666666667	0.5566666666666666	0.5966666666666667	0.7782142857142856
AchuarShiwiar: m aː t i n	0.7216666666666666	0	0.5888888888888888	0.6877777777777777	0.4472222222222222	0.757797619047619
Aguaruna: m oʊ t	0.5966666666666667	0.5888888888888888	0	0.6370833333333333	0.3391666666666666	0.757797619047619
Shuar: m a + a	0.5566666666666666	0.6877777777777777	0.6370833333333333	0	0.6370833333333333	0.767797619047619
Wampis: m aː t	0.5966666666666667	0.4472222222222222	0.3391666666666666	0.6370833333333333	0	0.757797619047619
Yanesha: m ɨ s e ɲ e ts	0.7782142857142856	0.757797619047619	0.757797619047619	0.767797619047619	0.757797619047619	0

Cogid: 1139
	Ticuna: m a	Juri: m a e e	Juri: m e j e
Ticuna: m a	0	0.5366666666666666	0.6637499999999998
Juri: m a e e	0.5366666666666666	0	
Juri: m e j e	0.6637499999999998		0

Cogid: 1479
	Ticuna: d u a	Juri: dʒ o k o
Ticuna: d u a	0	0.8120833333333334
Juri: dʒ o k o	0.8120833333333334	0

Cogid: 1836
	Waorani: b o	Ticuna: p e
Waorani: b o	0	0.7163888888888889
Ticuna: p e	0.7163888888888889	0

Cogid: 3036
	Ocaina: dz o ʔ k a	Ocaina: dz o ʔ aː	Ticuna: ɲ u ʔ g u
Ocaina: dz o ʔ k a	0		0.6777777777777777
Ocaina: dz o ʔ aː		0	0.7216666666666666
Ticuna: ɲ u ʔ g u	0.6777777777777777	0.7216666666666666	0

Cogid: 3058
	Shuar: p u h u	Wampis: p u h u	Ticuna: p u ʔ u	AchuarShiwiar: p u h u	Aguaruna: p ʊ h ʊ
Shuar: p u h u	0	0.04000000000000001	0.315	0.07	0.4020833333333333
Wampis: p u h u	0.04000000000000001	0	0.315	0.07	0.4020833333333333
Ticuna: p u ʔ u	0.315	0.315	0	0.315	0.6170833333333333
AchuarShiwiar: p u h u	0.07	0.07	0.315	0	0.4120833333333333
Aguaruna: p ʊ h ʊ	0.4020833333333333	0.4020833333333333	0.6170833333333333	0.4120833333333333	0

Cogid: 3268
	Ticuna: d e ʔ e	MiranhaCarapana-Tapuya: n o ʔ o k e a
Ticuna: d e ʔ e	0	0.7320833333333332
MiranhaCarapana-Tapuya: n o ʔ o k e a	0.7320833333333332	0

Cogid: 1256
	WitotoMinica: ɸ u e	WitotoMurui: ɸ u e	Ocaina: ɸ oː ɯ	WitotoNipode: p u e
WitotoMinica: ɸ u e	0	0.06	0.5058333333333332	0.3491666666666666
WitotoMurui: ɸ u e	0.06	0	0.5058333333333332	0.3491666666666666
Ocaina: ɸ oː ɯ	0.5058333333333332	0.5058333333333332	0	0.745
WitotoNipode: p u e	0.3491666666666666	0.3491666666666666	0.745	0

Cogid: 1387
	WitotoMinica: d o ɸ o	WitotoNipode: d o p o	Ocaina: tʲ oː ɸ o	WitotoMurui: d o ɸ o
WitotoMinica: d o ɸ o	0	0.295	0.4333333333333333	0.06
WitotoNipode: d o p o	0.295	0	0.6283333333333334	0.295
Ocaina: tʲ oː ɸ o	0.4333333333333333	0.6283333333333334	0	0.4333333333333333
WitotoMurui: d o ɸ o	0.06	0.295	0.4333333333333333	0

Cogid: 872
	MiranhaCarapana-Tapuya: g a n o a g a	WitotoMurui: o n oɯ	Coeruna: k u n i a	WitotoMinica: o n oɯ	Ocaina: o n̥ oː	WitotoMurui: o n o dʒ ɯ	WitotoNipode: o n oɯ	Ocaina: o n̥ oː p o
MiranhaCarapana-Tapuya: g a n o a g a	0	0.7477976190476191	0.6633928571428571	0.7477976190476191	0.7864880952380952	0.6555357142857143	0.7477976190476191	0.8117857142857143
WitotoMurui: o n oɯ	0.7477976190476191	0	0.7155555555555555	0.06	0.49583333333333335		0.06	0.6777777777777777
Coeruna: k u n i a	0.6633928571428571	0.7155555555555555	0	0.7155555555555555	0.8294444444444444	0.7766666666666667	0.7155555555555555	0.8294444444444444
WitotoMinica: o n oɯ	0.7477976190476191	0.06	0.7155555555555555	0	0.49583333333333335	0.5361111111111111	0.04000000000000001	0.6777777777777777
Ocaina: o n̥ oː	0.7864880952380952	0.49583333333333335	0.8294444444444444	0.49583333333333335	0	0.6638888888888888	0.49583333333333335	
WitotoMurui: o n o dʒ ɯ	0.6555357142857143		0.7766666666666667	0.5361111111111111	0.6638888888888888	0	0.5499999999999999	0.61
WitotoNipode: o n oɯ	0.7477976190476191	0.06	0.7155555555555555	0.04000000000000001	0.49583333333333335	0.5499999999999999	0	0.6777777777777777
Ocaina: o n̥ oː p o	0.8117857142857143	0.6777777777777777	0.8294444444444444	0.6777777777777777		0.61	0.6777777777777777	0

Cogid: 3188
	MiranhaCarapana-Tapuya: a m i	Ocaina: m aː m i
MiranhaCarapana-Tapuya: a m i	0	0.51
Ocaina: m aː m i	0.51	0

Cogid: 998
	WitotoMurui: ɯ n i	WitotoNipode: ɯ i n i	Ocaina: oː n a	WitotoMinica: ɯ i n i
WitotoMurui: ɯ n i	0	0.3729166666666667	0.5058333333333332	0.3729166666666667
WitotoNipode: ɯ i n i	0.3729166666666667	0	0.64375	0.04000000000000001
Ocaina: oː n a	0.5058333333333332	0.64375	0	0.64375
WitotoMinica: ɯ i n i	0.3729166666666667	0.04000000000000001	0.64375	0

Cogid: 579
	WitotoMurui: m oː	WitotoMinica: m oː	Ocaina: m oː h o	WitotoNipode: m oː	Ocaina: m oː
WitotoMurui: m oː	0	0.06	0.5166666666666667	0.06	0.06
WitotoMinica: m oː	0.06	0	0.5166666666666667	0.04000000000000001	0.06
Ocaina: m oː h o	0.5166666666666667	0.5166666666666667	0	0.5166666666666667	
WitotoNipode: m oː	0.06	0.04000000000000001	0.5166666666666667	0	0.06
Ocaina: m oː	0.06	0.06		0.06	0

Cogid: 1558
	WitotoMurui: i m a n i	WitotoNipode: i m a n i	Ocaina: m aː n̥ ɯ	WitotoMinica: i m a n i
WitotoMurui: i m a n i	0	0.06	0.7166666666666667	0.06
WitotoNipode: i m a n i	0.06	0	0.7166666666666667	0.04000000000000001
Ocaina: m aː n̥ ɯ	0.7166666666666667	0.7166666666666667	0	0.7166666666666667
WitotoMinica: i m a n i	0.06	0.04000000000000001	0.7166666666666667	0

Cogid: 1842
	Ocaina: s oː g o	Wampis: ʃ i k a p i tʃ	Arabela: s ɨ k aː	Ocaina: t oː g o
Ocaina: s oː g o	0	0.8704761904761905	0.6170833333333333	
Wampis: ʃ i k a p i tʃ	0.8704761904761905	0	0.7682142857142856	0.8704761904761905
Arabela: s ɨ k aː	0.6170833333333333	0.7682142857142856	0	0.8020833333333334
Ocaina: t oː g o		0.8704761904761905	0.8020833333333334	0

Cogid: 1813
	WitotoNipode: m o n a	WitotoMinica: m o n a	Ocaina: x ɯ tʲ a m oː ɲ̥ a	WitotoMurui: m o n a	Ocaina: b ɯ m̥ o ɲ̥ a
WitotoNipode: m o n a	0	0.04000000000000001	0.7358101851851853	0.07	0.6480952380952381
WitotoMinica: m o n a	0.04000000000000001	0	0.7358101851851853	0.07	0.6480952380952381
Ocaina: x ɯ tʲ a m oː ɲ̥ a	0.7358101851851853	0.7358101851851853	0	0.7258101851851853	
WitotoMurui: m o n a	0.07	0.07	0.7258101851851853	0	0.638095238095238
Ocaina: b ɯ m̥ o ɲ̥ a	0.6480952380952381	0.6480952380952381		0.638095238095238	0

Cogid: 3140
	WitotoMurui: h ai r i ɸ o	Ocaina: h ɯ β oː dʲ o	WitotoNipode: h ai ɾ i p oɯ	WitotoMinica: h ai ɾ i ɸ o	Ocaina: h ɯ β oː
WitotoMurui: h ai r i ɸ o	0	0.5961904761904762	0.4444047619047619	0.21904761904761905	0.7125000000000001
Ocaina: h ɯ β oː dʲ o	0.5961904761904762	0	0.6825000000000001	0.5961904761904762	
WitotoNipode: h ai ɾ i p oɯ	0.4444047619047619	0.6825000000000001	0	0.32535714285714284	0.7125000000000001
WitotoMinica: h ai ɾ i ɸ o	0.21904761904761905	0.5961904761904762	0.32535714285714284	0	0.7125000000000001
Ocaina: h ɯ β oː	0.7125000000000001		0.7125000000000001	0.7125000000000001	0

Cogid: 2016
	Ocaina: n ɯː n a	Pebas: w a n a
Ocaina: n ɯː n a	0	0.48333333333333334
Pebas: w a n a	0.48333333333333334	0

Cogid: 347
	WitotoNipode: m o n a	WitotoMurui: a r e m o n a	WitotoMinica: m o n a	Ocaina: m o ɲ̥ a m o	Ocaina: m oː ɲ̥ a
WitotoNipode: m o n a	0	0.49672619047619043	0.04000000000000001	0.5190476190476191	0.44999999999999996
WitotoMurui: a r e m o n a	0.49672619047619043	0	0.49672619047619043	0.7169642857142857	0.7020833333333334
WitotoMinica: m o n a	0.04000000000000001	0.49672619047619043	0	0.5190476190476191	0.44999999999999996
Ocaina: m o ɲ̥ a m o	0.5190476190476191	0.7169642857142857	0.5190476190476191	0	
Ocaina: m oː ɲ̥ a	0.44999999999999996	0.7020833333333334	0.44999999999999996		0

Cogid: 1368
	Ocaina: n a tʲ o	WitotoNipode: n a ɯː o	WitotoMurui: n aɯ o	WitotoMinica: n a ɯː o	WitotoMinica: n a ɯ o	WitotoMurui: n aɯ o n a
Ocaina: n a tʲ o	0	0.325	0.5166666666666667	0.325	0.325	0.625
WitotoNipode: n a ɯː o	0.325	0	0.5166666666666667	0.04000000000000001	0.275	0.625
WitotoMurui: n aɯ o	0.5166666666666667	0.5166666666666667	0	0.5166666666666667	0.5066666666666667	
WitotoMinica: n a ɯː o	0.325	0.04000000000000001	0.5166666666666667	0		0.625
WitotoMinica: n a ɯ o	0.325	0.275	0.5066666666666667		0	0.625
WitotoMurui: n aɯ o n a	0.625	0.625		0.625	0.625	0

Cogid: 389
	WitotoMinica: h ɯ k o	WitotoMurui: h ɯ k o	WitotoNipode: h ɯ k o	Ocaina: h o ʔ x o
WitotoMinica: h ɯ k o	0	0.06	0.04000000000000001	0.575
WitotoMurui: h ɯ k o	0.06	0	0.06	0.575
WitotoNipode: h ɯ k o	0.04000000000000001	0.06	0	0.575
Ocaina: h o ʔ x o	0.575	0.575	0.575	0

Cogid: 2913
	WitotoNipode: a m e n a	Andoa: a m a k a	Ocaina: a m̥ ɯɯ ɲ̥ a	WitotoMinica: a m e n a	WitotoMurui: a m e n a
WitotoNipode: a m e n a	0	0.39555555555555555	0.545	0.04999999999999999	0.07
Andoa: a m a k a	0.39555555555555555	0	0.5472222222222222	0.40555555555555556	0.40555555555555556
Ocaina: a m̥ ɯɯ ɲ̥ a	0.545	0.5472222222222222	0	0.535	0.535
WitotoMinica: a m e n a	0.04999999999999999	0.40555555555555556	0.535	0	0.06
WitotoMurui: a m e n a	0.07	0.40555555555555556	0.535	0.06	0

Cogid: 1968
	Ocaina: a m̥ ɯɯ ɲ̥ a	WitotoMinica: a m e n a	WitotoMurui: a m e n a
Ocaina: a m̥ ɯɯ ɲ̥ a	0	0.535	0.535
WitotoMinica: a m e n a	0.535	0	0.06
WitotoMurui: a m e n a	0.535	0.06	0

Cogid: 1445
	WitotoMinica: d a	WitotoMurui: d a e	Ocaina: tʲ a	Chibito: e ts i	WitotoMinica: d aː	WitotoNipode: d a	WitotoMurui: d a h e
WitotoMinica: d a	0	0.39999999999999997	0.4333333333333333	0.8049999999999999		0.04999999999999999	0.5166666666666667
WitotoMurui: d a e	0.39999999999999997	0	0.6083333333333333	0.7841666666666667	0.5666666666666667	0.41	
Ocaina: tʲ a	0.4333333333333333	0.6083333333333333	0	0.8049999999999999	0.6763888888888888	0.4433333333333333	0.6916666666666667
Chibito: e ts i	0.8049999999999999	0.7841666666666667	0.8049999999999999	0	0.8049999999999999	0.815	0.8154166666666666
WitotoMinica: d aː		0.5666666666666667	0.6763888888888888	0.8049999999999999	0	0.35305555555555557	0.64375
WitotoNipode: d a	0.04999999999999999	0.41	0.4433333333333333	0.815	0.35305555555555557	0	0.5266666666666667
WitotoMurui: d a h e	0.5166666666666667		0.6916666666666667	0.8154166666666666	0.64375	0.5266666666666667	0

Cogid: 2148
	WitotoNipode: o	Ocaina: o ɯ	Ocaina: o	WitotoMurui: o	WitotoMinica: o
WitotoNipode: o	0	0.48333333333333334	0.04999999999999999	0.04000000000000001	0.04000000000000001
Ocaina: o ɯ	0.48333333333333334	0		0.48333333333333334	0.48333333333333334
Ocaina: o	0.04999999999999999		0	0.04999999999999999	0.04999999999999999
WitotoMurui: o	0.04000000000000001	0.48333333333333334	0.04999999999999999	0	0.04000000000000001
