Cogid: 72
	Zaparo: h i ɲ a	Iquito: h i n a
Zaparo: h i ɲ a	0	0.285
Iquito: h i n a	0.285	0

Cogid: 102
	Iquito: s ɨː s a n a	Arabela: s ɨ s aː k a
Iquito: s ɨː s a n a	0	0.48714285714285716
Arabela: s ɨ s aː k a	0.48714285714285716	0

Cogid: 2552
	Zaparo: i k i ɲ u	Arabela: k i n i u	Iquito: i w iː n i
Zaparo: i k i ɲ u	0	0.46944444444444444	0.63
Arabela: k i n i u	0.46944444444444444	0	0.6211111111111112
Iquito: i w iː n i	0.63	0.6211111111111112	0

Cogid: 2183
	Zaparo: ts a i ɲ u	Arabela: s aː n i u	Iquito: s ɨː n i
Zaparo: ts a i ɲ u	0	0.6638888888888888	0.7905555555555557
Arabela: s aː n i u	0.6638888888888888	0	0.4572222222222222
Iquito: s ɨː n i	0.7905555555555557	0.4572222222222222	0

Cogid: 2198
	Iquito: n uː n i	Arabela: n oː n i u
Iquito: n uː n i	0	0.4572222222222222
Arabela: n oː n i u	0.4572222222222222	0

Cogid: 284
	Zaparo: u k u	Iquito: n iː k i	MiranhaCarapana-Tapuya: n a k o o	Arabela: n u k u
Zaparo: u k u	0	0.65375	0.7355555555555555	0.3729166666666667
Iquito: n iː k i	0.65375	0	0.58	0.4220833333333333
MiranhaCarapana-Tapuya: n a k o o	0.7355555555555555	0.58	0	0.58
Arabela: n u k u	0.3729166666666667	0.4220833333333333	0.58	0

Cogid: 321
	Arabela: n a h a k a	Iquito: a n a h a k a
Arabela: n a h a k a	0	0.29095238095238096
Iquito: a n a h a k a	0.29095238095238096	0

Cogid: 2235
	Arabela: n i n i u	Iquito: a n iː n i	Yanesha: w e ɲ e ts	Zaparo: a n i ɲ u
Arabela: n i n i u	0	0.5322222222222222	0.8294444444444444	0.48333333333333334
Iquito: a n iː n i	0.5322222222222222	0	0.8494444444444444	0.4922222222222222
Yanesha: w e ɲ e ts	0.8294444444444444	0.8494444444444444	0	0.7866666666666666
Zaparo: a n i ɲ u	0.48333333333333334	0.4922222222222222	0.7866666666666666	0

Cogid: 2310
	Arabela: ɾ a t u n u	Yanesha: o ɹ e t e ɲ e ts	Iquito: r a r iː n i	Zaparo: r a t u n u
Arabela: ɾ a t u n u	0	0.7770601851851852	0.5734523809523809	0.21904761904761905
Yanesha: o ɹ e t e ɲ e ts	0.7770601851851852	0	0.877337962962963	0.7770601851851852
Iquito: r a r iː n i	0.5734523809523809	0.877337962962963	0	0.4544047619047619
Zaparo: r a t u n u	0.21904761904761905	0.7770601851851852	0.4544047619047619	0

Cogid: 2335
	Zaparo: a ts a n u	Iquito: a s aː n i
Zaparo: a ts a n u	0	0.5022222222222222
Iquito: a s aː n i	0.5022222222222222	0

Cogid: 519
	Arabela: n a m i h i a	Andoa: n a m i h j a	Iquito: n a m i h a	Zaparo: n a m i hʲ a
Arabela: n a m i h i a	0	0.2526785714285714	0.29095238095238096	0.3553571428571428
Andoa: n a m i h j a	0.2526785714285714	0	0.30136904761904765	0.3657738095238095
Iquito: n a m i h a	0.29095238095238096	0.30136904761904765	0	0.229047619047619
Zaparo: n a m i hʲ a	0.3553571428571428	0.3657738095238095	0.229047619047619	0

Cogid: 2360
	Iquito: i t ɨː n i	Zaparo: ɨ t ɨ kʷ a n u	Yanesha: a t e ɲ e ts
Iquito: i t ɨː n i	0	0.6555357142857143	0.7424999999999999
Zaparo: ɨ t ɨ kʷ a n u	0.6555357142857143	0	0.757797619047619
Yanesha: a t e ɲ e ts	0.7424999999999999	0.757797619047619	0

Cogid: 574
	Iquito: a k ɨ	Andoa: kʷ a k i
Iquito: a k ɨ	0	0.5266666666666667
Andoa: kʷ a k i	0.5266666666666667	0

Cogid: 2376
	Iquito: k ɨː r ɨː n i	Zaparo: p ɨ r ɨ n u
Iquito: k ɨː r ɨː n i	0	0.5634523809523809
Zaparo: p ɨ r ɨ n u	0.5634523809523809	0

Cogid: 593
	Arabela: k a h a s u	Iquito: k a h a s i	Zaparo: k a h aː kʷ a	Andoa: k a h a s o	Yagua: s a s i
Arabela: k a h a s u	0	0.2063095238095238	0.4325	0.1963095238095238	0.6015476190476191
Iquito: k a h a s i	0.2063095238095238	0	0.4425	0.2063095238095238	0.5252380952380953
Zaparo: k a h aː kʷ a	0.4325	0.4425	0	0.4325	0.7324999999999999
Andoa: k a h a s o	0.1963095238095238	0.2063095238095238	0.4325	0	0.6015476190476191
Yagua: s a s i	0.6015476190476191	0.5252380952380953	0.7324999999999999	0.6015476190476191	0

Cogid: 618
	Iquito: h ɨː t i m i h aː r i k a	Iquito: h ɨː t i p ɨ h aː r i k a
Iquito: h ɨː t i m i h aː r i k a	0	0.21179487179487178
Iquito: h ɨː t i p ɨ h aː r i k a	0.21179487179487178	0

Cogid: 2392
	Iquito: i k a t aː n i	Zaparo: u k a n u
Iquito: i k a t aː n i	0	0.5811309523809524
Zaparo: u k a n u	0.5811309523809524	0

Cogid: 740
	Iquito: t iː t i w a	Waorani: o d o w a
Iquito: t iː t i w a	0	0.6561904761904762
Waorani: o d o w a	0.6561904761904762	0

Cogid: 801
	Zaparo: j au s u k a	Iquito: i j a s iː k a	Arabela: h i h a s o k ua
Zaparo: j au s u k a	0	0.4863095238095238	0.6667824074074074
Iquito: i j a s iː k a	0.4863095238095238	0	0.5111111111111111
Arabela: h i h a s o k ua	0.6667824074074074	0.5111111111111111	0

Cogid: 874
	Iquito: k u r i k a	Zaparo: k u r u h a
Iquito: k u r i k a	0	0.35619047619047617
Zaparo: k u r u h a	0.35619047619047617	0

Cogid: 890
	Wampis: n i	Iquito: n u	Zaparo: n au	Yagua: n i	Yanesha: ɲ a	AchuarShiwiar: n i
Wampis: n i	0	0.3830555555555556	0.3730555555555556	0.06	0.7063888888888888	0.04999999999999999
Iquito: n u	0.3830555555555556	0	0.3630555555555556	0.3830555555555556	0.7163888888888889	0.3830555555555556
Zaparo: n au	0.3730555555555556	0.3630555555555556	0	0.3730555555555556	0.6963888888888888	0.3730555555555556
Yagua: n i	0.06	0.3830555555555556	0.3730555555555556	0	0.7063888888888888	0.07
Yanesha: ɲ a	0.7063888888888888	0.7163888888888889	0.6963888888888888	0.7063888888888888	0	0.7063888888888888
AchuarShiwiar: n i	0.04999999999999999	0.3830555555555556	0.3730555555555556	0.07	0.7063888888888888	0

Cogid: 902
	Arabela: n a k a	Andoa: a n a k a	Zaparo: a n a k a	Iquito: a n a k a
Arabela: n a k a	0	0.3305555555555556	0.3305555555555556	0.3405555555555556
Andoa: a n a k a	0.3305555555555556	0	0.06	0.07
Zaparo: a n a k a	0.3305555555555556	0.06	0	0.07
Iquito: a n a k a	0.3405555555555556	0.07	0.07	0

Cogid: 2447
	Arabela: t o h i n i u	Iquito: t uː h iː n i	Zaparo: t a hʷ i ɲ u
Arabela: t o h i n i u	0	0.4680357142857143	0.5607142857142857
Iquito: t uː h iː n i	0.4680357142857143	0	0.6705952380952381
Zaparo: t a hʷ i ɲ u	0.5607142857142857	0.6705952380952381	0

Cogid: 944
	Iquito: iː n a n a	Arabela: n iː k i a	Zaparo: i ɲ a k a
Iquito: iː n a n a	0	0.5711111111111111	0.555
Arabela: n iː k i a	0.5711111111111111	0	0.6499999999999999
Zaparo: i ɲ a k a	0.555	0.6499999999999999	0

Cogid: 2
	Shiwilu: kʷ a	Ocaina: x o	Iquito: k i	Zaparo: kʷ i hʲ a	WitotoNipode: k u e	MiranhaCarapana-Tapuya: k u i	Chayahuita: k a	Ocaina: x o ɯ	WitotoMinica: k u e	Arabela: k ua	WitotoMurui: k u e	Urarina: k a n ɨ	Andoa: k i h a
Shiwilu: kʷ a	0	0.7263888888888889	0.7163888888888889	0.5945833333333334	0.8049999999999999	0.8049999999999999	0.4433333333333333	0.8049999999999999	0.8049999999999999	0.7163888888888889	0.8049999999999999	0.7216666666666666	0.7216666666666666
Ocaina: x o	0.7263888888888889	0	0.7263888888888889	0.8220833333333333	0.775	0.785	0.7163888888888889	0.36999999999999994	0.775	0.7163888888888889	0.775	0.8220833333333333	0.8220833333333333
Iquito: k i	0.7163888888888889	0.7263888888888889	0	0.7016666666666667	0.5966666666666667	0.49249999999999994	0.3830555555555556	0.8049999999999999	0.5966666666666667	0.3630555555555556	0.5966666666666667	0.6737499999999998	0.5266666666666667
Zaparo: kʷ i hʲ a	0.5945833333333334	0.8220833333333333	0.7016666666666667	0	0.8220833333333333	0.7841666666666666	0.7116666666666666	0.8220833333333333	0.8220833333333333	0.8020833333333334	0.8220833333333333	0.7754166666666666	0.44999999999999996
WitotoNipode: k u e	0.8049999999999999	0.775	0.5966666666666667	0.8220833333333333	0	0.2866666666666666	0.5866666666666667	0.745	0.04000000000000001	0.5866666666666667	0.06	0.6470833333333332	0.6470833333333332
MiranhaCarapana-Tapuya: k u i	0.8049999999999999	0.785	0.49249999999999994	0.7841666666666666	0.2866666666666666	0	0.5966666666666667	0.755	0.2866666666666666	0.5966666666666667	0.2866666666666666	0.6570833333333332	0.6091666666666666
Chayahuita: k a	0.4433333333333333	0.7163888888888889	0.3830555555555556	0.7116666666666666	0.5866666666666667	0.5966666666666667	0	0.7949999999999999	0.5866666666666667	0.3730555555555556	0.5866666666666667	0.5366666666666666	0.5845833333333333
Ocaina: x o ɯ	0.8049999999999999	0.36999999999999994	0.8049999999999999	0.8220833333333333	0.745	0.755	0.7949999999999999	0	0.745	0.7949999999999999	0.745	0.8220833333333333	0.8220833333333333
WitotoMinica: k u e	0.8049999999999999	0.775	0.5966666666666667	0.8220833333333333	0.04000000000000001	0.2866666666666666	0.5866666666666667	0.745	0	0.5866666666666667	0.06	0.6470833333333332	0.6470833333333332
Arabela: k ua	0.7163888888888889	0.7163888888888889	0.3630555555555556	0.8020833333333334	0.5866666666666667	0.5966666666666667	0.3730555555555556	0.7949999999999999	0.5866666666666667	0	0.5866666666666667	0.6637499999999998	0.64375
WitotoMurui: k u e	0.8049999999999999	0.775	0.5966666666666667	0.8220833333333333	0.06	0.2866666666666666	0.5866666666666667	0.745	0.06	0.5866666666666667	0	0.6470833333333332	0.6470833333333332
Urarina: k a n ɨ	0.7216666666666666	0.8220833333333333	0.6737499999999998	0.7754166666666666	0.6470833333333332	0.6570833333333332	0.5366666666666666	0.8220833333333333	0.6470833333333332	0.6637499999999998	0.6470833333333332	0	0.6004166666666667
Andoa: k i h a	0.7216666666666666	0.8220833333333333	0.5266666666666667	0.44999999999999996	0.6470833333333332	0.6091666666666666	0.5845833333333333	0.8220833333333333	0.6470833333333332	0.64375	0.6470833333333332	0.6004166666666667	0

Cogid: 1028
	Proto-Bora-Muinane: p a i n o	Muinane: ɸ a ɲ o	Iquito: h i n a	Bora: pʰ a ɲ ɛ	Zaparo: h i ɲ a
Proto-Bora-Muinane: p a i n o	0	0.5988888888888888	0.59	0.6877777777777777	0.7077777777777777
Muinane: ɸ a ɲ o	0.5988888888888888	0	0.7854166666666667	0.4220833333333333	0.6004166666666667
Iquito: h i n a	0.59	0.7854166666666667	0	0.7954166666666667	0.285
Bora: pʰ a ɲ ɛ	0.6877777777777777	0.4220833333333333	0.7954166666666667	0	0.6104166666666667
Zaparo: h i ɲ a	0.7077777777777777	0.6004166666666667	0.285	0.6104166666666667	0

Cogid: 2503
	Zaparo: a m u n u	Arabela: m o n u	Iquito: aː m uː n i
Zaparo: a m u n u	0	0.4583333333333333	0.5161111111111112
Arabela: m o n u	0.4583333333333333	0	0.595
Iquito: aː m uː n i	0.5161111111111112	0.595	0

Cogid: 2538
	Iquito: s a t aː n i	Yanesha: tʃ e ʔ t e ɲ e ts	Zaparo: ts u t a n u
Iquito: s a t aː n i	0	0.7870601851851852	0.5615476190476191
Yanesha: tʃ e ʔ t e ɲ e ts	0.7870601851851852	0	0.7770601851851852
Zaparo: ts u t a n u	0.5615476190476191	0.7770601851851852	0

Cogid: 1054
	Zaparo: u ɨ m ɨ	Andoa: n aː m e	Iquito: n aː m ɨ	Iquito: iː m ɨ
Zaparo: u ɨ m ɨ	0	0.6270833333333333	0.49333333333333335	0.51
Andoa: n aː m e	0.6270833333333333	0	0.24708333333333332	0.65375
Iquito: n aː m ɨ	0.49333333333333335	0.24708333333333332	0	0.4866666666666667
Iquito: iː m ɨ	0.51	0.65375	0.4866666666666667	0

Cogid: 1111
	Iquito: k u w aː h a	Zaparo: k a w a h a	Arabela: k o w a h a
Iquito: k u w aː h a	0	0.34619047619047616	0.34619047619047616
Zaparo: k a w a h a	0.34619047619047616	0	0.2171428571428571
Arabela: k o w a h a	0.34619047619047616	0.2171428571428571	0

Cogid: 1131
	Iquito: s aː n a	Zaparo: s aː k a
Iquito: s aː n a	0	0.305
Zaparo: s aː k a	0.305	0

Cogid: 1149
	Iquito: s i kʷ a n a h a	Andoa: s o kʷ a n a h a	Arabela: s u k ua n a h a	Zaparo: s u k a n a w a
Iquito: s i kʷ a n a h a	0	0.21027777777777779	0.3908333333333333	0.4008333333333333
Andoa: s o kʷ a n a h a	0.21027777777777779	0	0.37157407407407406	0.3908333333333333
Arabela: s u k ua n a h a	0.3908333333333333	0.37157407407407406	0	0.2912962962962963
Zaparo: s u k a n a w a	0.4008333333333333	0.3908333333333333	0.2912962962962963	0

Cogid: 1254
	Iquito: i t i p u m a	Zaparo: a t u p a m a
Iquito: i t i p u m a	0	0.3972023809523809
Zaparo: a t u p a m a	0.3972023809523809	0

Cogid: 1326
	Iquito: r i k iː h a	Arabela: ɾ i k i a	Zaparo: a r i tʃ a kʷ a
Iquito: r i k iː h a	0	0.5171428571428571	0.5989880952380952
Arabela: ɾ i k i a	0.5171428571428571	0	0.6633928571428571
Zaparo: a r i tʃ a kʷ a	0.5989880952380952	0.6633928571428571	0

Cogid: 1362
	Iquito: n iː n a k i	Arabela: n i u k ua	Zaparo: n i ɲ a
Iquito: n iː n a k i	0	0.603452380952381	0.6361904761904762
Arabela: n i u k ua	0.603452380952381	0	0.5361111111111111
Zaparo: n i ɲ a	0.6361904761904762	0.5361111111111111	0

Cogid: 1379
	Iquito: n a h i k a	Andoa: n a h u kʷ a	AchuarShiwiar: n u h i	Zaparo: n a h u k a	Shuar: n u h i	Wampis: n u h i	Aguaruna: n ʊ h i	Arabela: n a h a k ua
Iquito: n a h i k a	0	0.358095238095238	0.549047619047619	0.239047619047619	0.549047619047619	0.549047619047619	0.549047619047619	0.301547619047619
Andoa: n a h u kʷ a	0.358095238095238	0	0.613452380952381	0.21904761904761905	0.613452380952381	0.613452380952381	0.625357142857143	0.4225
AchuarShiwiar: n u h i	0.549047619047619	0.613452380952381	0	0.613452380952381	0.06	0.06	0.275	0.625357142857143
Zaparo: n a h u k a	0.239047619047619	0.21904761904761905	0.613452380952381	0	0.613452380952381	0.613452380952381	0.625357142857143	0.3034523809523809
Shuar: n u h i	0.549047619047619	0.613452380952381	0.06	0.613452380952381	0	0.06	0.275	0.625357142857143
Wampis: n u h i	0.549047619047619	0.613452380952381	0.06	0.613452380952381	0.06	0	0.275	0.625357142857143
Aguaruna: n ʊ h i	0.549047619047619	0.625357142857143	0.275	0.625357142857143	0.275	0.275	0	0.625357142857143
Arabela: n a h a k ua	0.301547619047619	0.4225	0.625357142857143	0.3034523809523809	0.625357142857143	0.625357142857143	0.625357142857143	0

Cogid: 1447
	Iquito: n uː k iː k a	Zaparo: n u k a k ɨ h a
Iquito: n uː k iː k a	0	0.5459953703703704
Zaparo: n u k a k ɨ h a	0.5459953703703704	0

Cogid: 1461
	Iquito: t aː n a	Arabela: t a m a	Zaparo: t a k a
Iquito: t aː n a	0	0.4533333333333333	0.4633333333333333
Arabela: t a m a	0.4533333333333333	0	0.295
Zaparo: t a k a	0.4633333333333333	0.295	0

Cogid: 1480
	Iquito: k aː j a	Zaparo: k a j a
Iquito: k aː j a	0	0.2683333333333333
Zaparo: k a j a	0.2683333333333333	0

Cogid: 2606
	Canichana: n i n a	Iquito: a n iː n i
Canichana: n i n a	0	0.5911111111111111
Iquito: a n iː n i	0.5911111111111111	0

Cogid: 1583
	Iquito: a n i h a	Arabela: n u h u a
Iquito: a n i h a	0	0.5711111111111111
Arabela: n u h u a	0.5711111111111111	0

Cogid: 1636
	Zaparo: i tʃ a hʷ a	Iquito: iː s a h a	Andoa: i tʃ o h a
Zaparo: i tʃ a hʷ a	0	0.555	0.3794444444444444
Iquito: iː s a h a	0.555	0	0.555
Andoa: i tʃ o h a	0.3794444444444444	0.555	0

Cogid: 1673
	Iquito: a r iː n i	Urarina: a i t u n a	Yanesha: o t e ɲ e ts	Zaparo: a t i ɲ u
Iquito: a r iː n i	0	0.623452380952381	0.861547619047619	0.6438888888888888
Urarina: a i t u n a	0.623452380952381	0	0.8069047619047619	0.5688095238095238
Yanesha: o t e ɲ e ts	0.861547619047619	0.8069047619047619	0	0.625357142857143
Zaparo: a t i ɲ u	0.6438888888888888	0.5688095238095238	0.625357142857143	0

Cogid: 2625
	Zaparo: a r i ʃ u n u	Iquito: a r iː n i
Zaparo: a r i ʃ u n u	0	0.5528571428571428
Iquito: a r iː n i	0.5528571428571428	0

Cogid: 1703
	Zaparo: n u k i ɲ u	Iquito: n i k iː n i	Arabela: n i k i n i u
Zaparo: n u k i ɲ u	0	0.5396428571428571	0.45803571428571427
Iquito: n i k iː n i	0.5396428571428571	0	0.35494047619047614
Arabela: n i k i n i u	0.45803571428571427	0.35494047619047614	0

Cogid: 2635
	Zaparo: k u s u p ɨ n u	Iquito: s i p uː n i
Zaparo: k u s u p ɨ n u	0	0.6206481481481482
Iquito: s i p uː n i	0.6206481481481482	0

Cogid: 2649
	Zaparo: u r a n u	Iquito: a r i w aː n i
Zaparo: u r a n u	0	0.6451190476190476
Iquito: a r i w aː n i	0.6451190476190476	0

Cogid: 1783
	Arabela: k a h i n i u	Iquito: a h i r ɨː n i
Arabela: k a h i n i u	0	0.5398809523809524
Iquito: a h i r ɨː n i	0.5398809523809524	0

Cogid: 1799
	Iquito: i s ɨ k ɨ	Zaparo: i tʃ au k ɨ
Iquito: i s ɨ k ɨ	0	0.42333333333333334
Zaparo: i tʃ au k ɨ	0.42333333333333334	0

Cogid: 1826
	Arabela: m a k uɨ n u	Iquito: m a k ɨː n i	Zaparo: m a k ɨ n u
Arabela: m a k uɨ n u	0	0.32535714285714284	0.229047619047619
Iquito: m a k ɨː n i	0.32535714285714284	0	0.32535714285714284
Zaparo: m a k ɨ n u	0.229047619047619	0.32535714285714284	0

Cogid: 2662
	Iquito: n a h i w ɨː n i	Zaparo: n a h uː n u
Iquito: n a h i w ɨː n i	0	0.4954861111111111
Zaparo: n a h uː n u	0.4954861111111111	0

Cogid: 1866
	Arabela: n a h a k a	Iquito: a n a h a k a	Zaparo: a h a n a k a
Arabela: n a h a k a	0	0.29095238095238096	0.42934523809523806
Iquito: a n a h a k a	0.29095238095238096	0	0.32452380952380955
Zaparo: a h a n a k a	0.42934523809523806	0.32452380952380955	0

Cogid: 1925
	Iquito: h ɨː t i p ɨ	Iquito: h ɨː t i m i
Iquito: h ɨː t i p ɨ	0	0.2953571428571429
Iquito: h ɨː t i m i	0.2953571428571429	0

Cogid: 2676
	Iquito: a r uː k iː n i	Arabela: ɾ i o k o n u	Zaparo: a r u k u n o
Iquito: a r uː k iː n i	0	0.6451190476190476	0.39976190476190476
Arabela: ɾ i o k o n u	0.6451190476190476	0	0.6142857142857143
Zaparo: a r u k u n o	0.39976190476190476	0.6142857142857143	0

Cogid: 1972
	Iquito: s a w i h a	Arabela: s aː h i a
Iquito: s a w i h a	0	0.5152380952380953
Arabela: s aː h i a	0.5152380952380953	0

Cogid: 2048
	Aguaruna: a n ʊ	Iquito: iː n a	Shuar: n u	AchuarShiwiar: n u	Taushiro: n i	Urarina: n i i	Wampis: a u	Candoshi-Shapra: i n i
Aguaruna: a n ʊ	0	0.515	0.6083333333333333	0.6083333333333333	0.6283333333333333	0.7116666666666667	0.5666666666666667	0.5258333333333333
Iquito: iː n a	0.515	0	0.6383333333333333	0.6383333333333333	0.6383333333333333	0.7216666666666667	0.7425	0.5358333333333333
Shuar: n u	0.6083333333333333	0.6383333333333333	0	0.04000000000000001	0.3730555555555556	0.5866666666666667	0.48333333333333334	0.6283333333333333
AchuarShiwiar: n u	0.6083333333333333	0.6383333333333333	0.04000000000000001	0	0.3730555555555556	0.5866666666666667	0.48333333333333334	0.6283333333333333
Taushiro: n i	0.6283333333333333	0.6383333333333333	0.3730555555555556	0.3730555555555556	0	0.38916666666666666	0.7463888888888888	0.45166666666666666
Urarina: n i i	0.7116666666666667	0.7216666666666667	0.5866666666666667	0.5866666666666667	0.38916666666666666	0	0.7949999999999999	0.30583333333333335
Wampis: a u	0.5666666666666667	0.7425	0.48333333333333334	0.48333333333333334	0.7463888888888888	0.7949999999999999	0	0.7949999999999999
Candoshi-Shapra: i n i	0.5258333333333333	0.5358333333333333	0.6283333333333333	0.6283333333333333	0.45166666666666666	0.30583333333333335	0.7949999999999999	0

Cogid: 2066
	Zaparo: a t i	Ocaina: tʲ aː	Iquito: t iː
Zaparo: a t i	0	0.7949999999999999	0.6183333333333333
Ocaina: tʲ aː	0.7949999999999999	0	0.7163888888888889
Iquito: t iː	0.6183333333333333	0.7163888888888889	0

Cogid: 2077
	Shuar: n iː	Yanesha: ɲ e t	Iquito: n a	Wampis: n i t a	Arabela: n a	AchuarShiwiar: n i
Shuar: n iː	0	0.8049999999999999	0.3830555555555556	0.65375	0.3830555555555556	0.3630555555555556
Yanesha: ɲ e t	0.8049999999999999	0	0.8049999999999999	0.695	0.7949999999999999	0.815
Iquito: n a	0.3830555555555556	0.8049999999999999	0	0.5945833333333334	0.07	0.3930555555555556
Wampis: n i t a	0.65375	0.695	0.5945833333333334	0	0.5845833333333333	0.5366666666666666
Arabela: n a	0.3830555555555556	0.7949999999999999	0.07	0.5845833333333333	0	0.3930555555555556
AchuarShiwiar: n i	0.3630555555555556	0.815	0.3930555555555556	0.5366666666666666	0.3930555555555556	0

Cogid: 2117
	Bora: ɯ h tsʰ i	Muinane: ɨ s i n o	Iquito: k iː s a n a	Proto-Bora-Muinane: ɨ t ts i
Bora: ɯ h tsʰ i	0	0.7805555555555557	0.861547619047619	0.675
Muinane: ɨ s i n o	0.7805555555555557	0	0.635357142857143	0.6488888888888888
Iquito: k iː s a n a	0.861547619047619	0.635357142857143	0	0.861547619047619
Proto-Bora-Muinane: ɨ t ts i	0.675	0.6488888888888888	0.861547619047619	0

Cogid: 2132
	Iquito: iː n a	Taushiro: n i	Arabela: n i o	Candoshi-Shapra: i n i
Iquito: iː n a	0	0.6283333333333333	0.7016666666666667	0.5258333333333333
Taushiro: n i	0.6283333333333333	0	0.42999999999999994	0.45166666666666666
Arabela: n i o	0.7016666666666667	0.42999999999999994	0	0.4716666666666667
Candoshi-Shapra: i n i	0.5258333333333333	0.45166666666666666	0.4716666666666667	0

Cogid: 2144
	Arabela: k i a	Iquito: kʲ aː
Arabela: k i a	0	0.775
Iquito: kʲ aː	0.775	0

Cogid: 2795
	Iquito: s i m aː h uː t aː n i	Zaparo: a h a t a n u
Iquito: s i m aː h uː t aː n i	0	0.656590909090909
Zaparo: a h a t a n u	0.656590909090909	0

Cogid: 2874
	Andoa: n i t i	Arabela: n i t i	Iquito: n ɨː t i
Andoa: n i t i	0	0.06	0.2683333333333333
Arabela: n i t i	0.06	0	0.2683333333333333
Iquito: n ɨː t i	0.2683333333333333	0.2683333333333333	0

Cogid: 2892
	Iquito: iː k a	Tequiraca: a k a	Arabela: k i a h a	Andoa: i kʲ a h a
Iquito: iː k a	0	0.34833333333333333	0.6738888888888888	0.7127777777777778
Tequiraca: a k a	0.34833333333333333	0	0.6299999999999999	0.6577777777777777
Arabela: k i a h a	0.6738888888888888	0.6299999999999999	0	0.38055555555555554
Andoa: i kʲ a h a	0.7127777777777778	0.6577777777777777	0.38055555555555554	0

Cogid: 2914
	Urarina: n ɨ ɨ n a	Juri: n o i n l n o	Yagua: n i n u	Zaparo: n a k u n a	Iquito: n aː n a	Arabela: n aː n a	Juri: n o i n o	Coeruna: t a i n a
Urarina: n ɨ ɨ n a	0	0.6751190476190476	0.566111111111111	0.5371428571428571	0.4772222222222222	0.4772222222222222	0.5361111111111111	0.585
Juri: n o i n l n o	0.6751190476190476	0	0.5907142857142857	0.6651190476190476	0.6751190476190476	0.6651190476190476	0.33577380952380953	0.6551190476190476
Yagua: n i n u	0.566111111111111	0.5907142857142857	0	0.613452380952381	0.45208333333333334	0.4320833333333333	0.4633333333333333	0.5661111111111111
Zaparo: n a k u n a	0.5371428571428571	0.6651190476190476	0.613452380952381	0	0.539047619047619	0.5190476190476191	0.623452380952381	0.549047619047619
Iquito: n aː n a	0.4772222222222222	0.6751190476190476	0.45208333333333334	0.539047619047619	0	0.07999999999999999	0.59	0.615
Arabela: n aː n a	0.4772222222222222	0.6651190476190476	0.4320833333333333	0.5190476190476191	0.07999999999999999	0	0.58	0.605
Juri: n o i n o	0.5361111111111111	0.33577380952380953	0.4633333333333333	0.623452380952381	0.59	0.58	0	0.5261111111111112
Coeruna: t a i n a	0.585	0.6551190476190476	0.5661111111111111	0.549047619047619	0.615	0.605	0.5261111111111112	0

Cogid: 2930
	Iquito: k uː m i	Iquito: k uː p ɨ	Arabela: k aː p i k i
Iquito: k uː m i	0	0.3920833333333333	0.6242857142857142
Iquito: k uː p ɨ	0.3920833333333333	0	0.6153571428571429
Arabela: k aː p i k i	0.6242857142857142	0.6153571428571429	0

Cogid: 2833
	Iquito: i k i n iː n i	Zaparo: i k ɨ n i ɲ u
Iquito: i k i n iː n i	0	0.48160714285714284
Zaparo: i k ɨ n i ɲ u	0.48160714285714284	0

Cogid: 2848
	Iquito: iː k uː n i	Zaparo: au k u n u
Iquito: iː k uː n i	0	0.5061111111111112
Zaparo: au k u n u	0.5061111111111112	0

Cogid: 2858
	Iquito: s i k i t aː n i	Zaparo: ts u k i rʲ au h u n u
Iquito: s i k i t aː n i	0	0.6490151515151514
Zaparo: ts u k i rʲ au h u n u	0.6490151515151514	0

Cogid: 2959
	Andoa: m o a k a	Iquito: aː k a	Arabela: m o w a k a
Andoa: m o a k a	0	0.585	0.3136904761904762
Iquito: aː k a	0.585	0	0.6361904761904762
Arabela: m o w a k a	0.3136904761904762	0.6361904761904762	0

Cogid: 2985
	WitotoMinica: k aɯ	Iquito: k a n a	WitotoMurui: k ai ɲ aɯ	WitotoNipode: k aɯ	WitotoMurui: k aɯ	Zaparo: k a n a h a	WitotoMinica: k a ɯ ŋ aɯ
WitotoMinica: k aɯ	0	0.6637499999999998	0.5645833333333333	0.04000000000000001	0.04000000000000001	0.7544047619047619	0.5977777777777777
Iquito: k a n a	0.6637499999999998	0	0.5970833333333333	0.6637499999999998	0.6637499999999998	0.41	0.556111111111111
WitotoMurui: k ai ɲ aɯ	0.5645833333333333	0.5970833333333333	0	0.5645833333333333	0.5345833333333333	0.7424999999999999	0.575
WitotoNipode: k aɯ	0.04000000000000001	0.6637499999999998	0.5645833333333333	0	0.04000000000000001	0.7544047619047619	0.6277777777777778
WitotoMurui: k aɯ	0.04000000000000001	0.6637499999999998	0.5345833333333333	0.04000000000000001	0	0.7544047619047619	0.6277777777777778
Zaparo: k a n a h a	0.7544047619047619	0.41	0.7424999999999999	0.7544047619047619	0.7544047619047619	0	0.6115476190476191
WitotoMinica: k a ɯ ŋ aɯ	0.5977777777777777	0.556111111111111	0.575	0.6277777777777778	0.6277777777777778	0.6115476190476191	0

Cogid: 2994
	Zaparo: p ɨ a k a	Iquito: p ɨː
Zaparo: p ɨ a k a	0	0.7016666666666665
Iquito: p ɨː	0.7016666666666665	0

Cogid: 2999
	Iquito: p i k a n a	Arabela: p i k iː k i a
Iquito: p i k a n a	0	0.4576190476190476
Arabela: p i k iː k i a	0.4576190476190476	0

Cogid: 3017
	Iquito: s aː k aː	Arabela: k a s aː	Zaparo: k a ts a k a
Iquito: s aː k aː	0	0.6316666666666667	0.7225
Arabela: k a s aː	0.6316666666666667	0	0.5915476190476191
Zaparo: k a ts a k a	0.7225	0.5915476190476191	0

Cogid: 3034
	Iquito: h ɨː t i k a r i	Arabela: k a ɾ i	Zaparo: t i j a k a r i
Iquito: h ɨː t i k a r i	0	0.6455324074074074	0.4633333333333333
Arabela: k a ɾ i	0.6455324074074074	0	0.6262731481481482
Zaparo: t i j a k a r i	0.4633333333333333	0.6262731481481482	0

Cogid: 3048
	Zaparo: t a j i	Arabela: t ɨː	Yagua: t e	Iquito: t ɨː t i
Zaparo: t a j i	0	0.64375	0.6737499999999998	0.48
Arabela: t ɨː	0.64375	0	0.3830555555555556	0.5266666666666667
Yagua: t e	0.6737499999999998	0.3830555555555556	0	0.6670833333333333
Iquito: t ɨː t i	0.48	0.5266666666666667	0.6670833333333333	0

Cogid: 3086
	Resigaro: k eː n i	Arabela: k a n a	Iquito: k a n ɨː k a	Zaparo: k a n a t ɨ
Resigaro: k eː n i	0	0.4320833333333333	0.635357142857143	0.625357142857143
Arabela: k a n a	0.4320833333333333	0	0.4308333333333334	0.39999999999999997
Iquito: k a n ɨː k a	0.635357142857143	0.4308333333333334	0	0.42059523809523813
Zaparo: k a n a t ɨ	0.625357142857143	0.39999999999999997	0.42059523809523813	0

Cogid: 3181
	Iquito: m ɨː s a h i	Andoa: m a a h i	Arabela: m aː h i
Iquito: m ɨː s a h i	0	0.3653571428571429	0.5290476190476191
Andoa: m a a h i	0.3653571428571429	0	0.4472222222222222
Arabela: m aː h i	0.5290476190476191	0.4472222222222222	0

Cogid: 3248
	Iquito: a m a r i j aː n a	Zaparo: a m a r i hʲ a	Arabela: m a ɾ i h i a
Iquito: a m a r i j aː n a	0	0.41	0.5766666666666667
Zaparo: a m a r i hʲ a	0.41	0	0.5116071428571428
Arabela: m a ɾ i h i a	0.5766666666666667	0.5116071428571428	0

Cogid: 3235
	Zaparo: k i ɲ a h a	Iquito: k i n a
Zaparo: k i ɲ a h a	0	0.5171428571428571
Iquito: k i n a	0.5171428571428571	0

Cogid: 33
	Ticuna: ɾ ɯ	Ticuna: ɾ ɯ a tɕ i	Shuar: ʃ a	Ticuna: tɕ i	Ticuna: ɲ u a tɕ i
Ticuna: ɾ ɯ	0	0.5588888888888889	0.7263888888888889	0.6663888888888888	0.7894444444444444
Ticuna: ɾ ɯ a tɕ i	0.5588888888888889	0	0.7744444444444445	0.5877777777777777	0.36333333333333334
Shuar: ʃ a	0.7263888888888889	0.7744444444444445	0	0.7263888888888889	0.7744444444444445
Ticuna: tɕ i	0.6663888888888888	0.5877777777777777	0.7263888888888889	0	0.5877777777777777
Ticuna: ɲ u a tɕ i	0.7894444444444444	0.36333333333333334	0.7744444444444445	0.5877777777777777	0

Cogid: 144
	Ticuna: e ɾ ɯ	Ticuna: dʑ e ɾ ɯ	Ticuna: ŋ e ɾ ɯ
Ticuna: e ɾ ɯ	0	0.3695833333333333	0.3495833333333333
Ticuna: dʑ e ɾ ɯ	0.3695833333333333	0	0.275
Ticuna: ŋ e ɾ ɯ	0.3495833333333333	0.275	0

Cogid: 2187
	Muniche: ʂ a	Ticuna: tɕ i
Muniche: ʂ a	0	0.7363888888888889
Ticuna: tɕ i	0.7363888888888889	0

Cogid: 2188
	WitotoMinica: aɯ n i d e	WitotoNipode: aɯ n i d e	WitotoMurui: aɯ n i d e	Ocaina: aː n ɯ	Ticuna: ŋ o
WitotoMinica: aɯ n i d e	0	0.04000000000000001	0.06	0.6916666666666665	0.8494444444444444
WitotoNipode: aɯ n i d e	0.04000000000000001	0	0.06	0.6916666666666665	0.8494444444444444
WitotoMurui: aɯ n i d e	0.06	0.06	0	0.6916666666666665	0.8494444444444444
Ocaina: aː n ɯ	0.6916666666666665	0.6916666666666665	0.6916666666666665	0	0.8049999999999999
Ticuna: ŋ o	0.8494444444444444	0.8494444444444444	0.8494444444444444	0.8049999999999999	0

Cogid: 372
	Ticuna: ɯ ʔ a	Ocaina: ɲ aː ʔ ɯ
Ticuna: ɯ ʔ a	0	0.6570833333333332
Ocaina: ɲ aː ʔ ɯ	0.6570833333333332	0

Cogid: 404
	Aguaruna: b ʊ k ʊ	Ticuna: p a
Aguaruna: b ʊ k ʊ	0	0.8320833333333333
Ticuna: p a	0.8320833333333333	0

Cogid: 520
	Muinane: a a dʒ ɨ + ɨ	Bora: ʔ a tʃ ɯ + ɯ	Juri: i t i	Ticuna: ʔ e t ɯ	Proto-Bora-Muinane: a dʒ ɨ + ɨ
Muinane: a a dʒ ɨ + ɨ	0	0.5488095238095237	0.871547619047619	0.871547619047619	0.27904761904761904
Bora: ʔ a tʃ ɯ + ɯ	0.5488095238095237	0	0.871547619047619	0.6542857142857142	0.6361904761904762
Juri: i t i	0.871547619047619	0.871547619047619	0	0.65375	0.8594444444444445
Ticuna: ʔ e t ɯ	0.871547619047619	0.6542857142857142	0.65375	0	0.8594444444444445
Proto-Bora-Muinane: a dʒ ɨ + ɨ	0.27904761904761904	0.6361904761904762	0.8594444444444445	0.8594444444444445	0

Cogid: 548
	Shuar: j a h a	Wampis: j a h a	Muniche: t i h n a	Ticuna: dʑ a ʔ n a
Shuar: j a h a	0	0.06	0.6199999999999999	0.605
Wampis: j a h a	0.06	0	0.6199999999999999	0.605
Muniche: t i h n a	0.6199999999999999	0.6199999999999999	0	0.575
Ticuna: dʑ a ʔ n a	0.605	0.605	0.575	0

Cogid: 584
	Shuar: a p a	Wampis: a p a	Ticuna: p a p a
Shuar: a p a	0	0.06	0.40291666666666665
Wampis: a p a	0.06	0	0.40291666666666665
Ticuna: p a p a	0.40291666666666665	0.40291666666666665	0

Cogid: 883
	Ticuna: ʔ m e ʔ e	Ticuna: m e
Ticuna: ʔ m e ʔ e	0	0.5977777777777777
Ticuna: m e	0.5977777777777777	0

Cogid: 982
	Ticuna: ɲ u ʔ a k ɯ	Taushiro: ɨ n t ɨ h a n
Ticuna: ɲ u ʔ a k ɯ	0	0.8317857142857142
Taushiro: ɨ n t ɨ h a n	0.8317857142857142	0

Cogid: 1016
	Shuar: k a	AchuarShiwiar: k a	Ticuna: g a	Ticuna: ŋ e g a	Ticuna: e g a
Shuar: k a	0	0.04999999999999999	0.4633333333333333	0.7216666666666666	0.6691666666666667
AchuarShiwiar: k a	0.04999999999999999	0	0.4633333333333333	0.7216666666666666	0.6691666666666667
Ticuna: g a	0.4633333333333333	0.4633333333333333	0	0.5245833333333333	0.4116666666666666
Ticuna: ŋ e g a	0.7216666666666666	0.7216666666666666	0.5245833333333333	0	0.3595833333333333
Ticuna: e g a	0.6691666666666667	0.6691666666666667	0.4116666666666666	0.3595833333333333	0

Cogid: 2502
	Aguaruna: m oʊ t	Shuar: m a + a	AchuarShiwiar: m aː t i n	Wampis: m aː t	Ticuna: m a
Aguaruna: m oʊ t	0	0.6370833333333333	0.5888888888888888	0.3391666666666666	0.5966666666666667
Shuar: m a + a	0.6370833333333333	0	0.6877777777777777	0.6370833333333333	0.5566666666666666
AchuarShiwiar: m aː t i n	0.5888888888888888	0.6877777777777777	0	0.4472222222222222	0.7216666666666666
Wampis: m aː t	0.3391666666666666	0.6370833333333333	0.4472222222222222	0	0.5966666666666667
Ticuna: m a	0.5966666666666667	0.5566666666666666	0.7216666666666666	0.5966666666666667	0

Cogid: 1218
	Ticuna: b u ʔ i	Ticuna: b i ʔ i
Ticuna: b u ʔ i	0	0.22833333333333333
Ticuna: b i ʔ i	0.22833333333333333	0

Cogid: 1473
	Yagua: t i	Ticuna: t o
Yagua: t i	0	0.3830555555555556
Ticuna: t o	0.3830555555555556	0

Cogid: 1481
	Ticuna: d u a	Juri: dʒ o k o
Ticuna: d u a	0	0.8120833333333334
Juri: dʒ o k o	0.8120833333333334	0

Cogid: 1837
	Waorani: b o	Ticuna: p e
Waorani: b o	0	0.7163888888888889
Ticuna: p e	0.7163888888888889	0

Cogid: 2818
	Ticuna: n a i	Ticuna: ŋ a
Ticuna: n a i	0	0.5883333333333333
Ticuna: ŋ a	0.5883333333333333	0

Cogid: 3024
	Ticuna: a k ɯ	Ticuna: t ɯ a k ɯ
Ticuna: a k ɯ	0	0.4661111111111111
Ticuna: t ɯ a k ɯ	0.4661111111111111	0

Cogid: 3037
	Ocaina: dz o ʔ k a	Ticuna: ɲ u ʔ g u	Ocaina: dz o ʔ aː
Ocaina: dz o ʔ k a	0	0.6777777777777777	0.3783333333333333
Ticuna: ɲ u ʔ g u	0.6777777777777777	0	0.7216666666666666
Ocaina: dz o ʔ aː	0.3783333333333333	0.7216666666666666	0

Cogid: 3059
	Aguaruna: p ʊ h ʊ	Shuar: p u h u	AchuarShiwiar: p u h u	Wampis: p u h u	Ticuna: p u ʔ u
Aguaruna: p ʊ h ʊ	0	0.4020833333333333	0.4120833333333333	0.4020833333333333	0.6170833333333333
Shuar: p u h u	0.4020833333333333	0	0.07	0.04000000000000001	0.315
AchuarShiwiar: p u h u	0.4120833333333333	0.07	0	0.07	0.315
Wampis: p u h u	0.4020833333333333	0.04000000000000001	0.07	0	0.315
Ticuna: p u ʔ u	0.6170833333333333	0.315	0.315	0.315	0

Cogid: 3269
	MiranhaCarapana-Tapuya: n o ʔ o k e a	Ticuna: d e ʔ e
MiranhaCarapana-Tapuya: n o ʔ o k e a	0	0.7320833333333332
Ticuna: d e ʔ e	0.7320833333333332	0

Cogid: 1258
	Ocaina: ɸ oː ɯ	WitotoNipode: p u e	WitotoMinica: ɸ u e	WitotoMurui: ɸ u e
Ocaina: ɸ oː ɯ	0	0.745	0.5058333333333332	0.5058333333333332
WitotoNipode: p u e	0.745	0	0.3491666666666666	0.3491666666666666
WitotoMinica: ɸ u e	0.5058333333333332	0.3491666666666666	0	0.06
WitotoMurui: ɸ u e	0.5058333333333332	0.3491666666666666	0.06	0

Cogid: 1388
	WitotoMurui: d o ɸ o	WitotoNipode: d o p o	Ocaina: tʲ oː ɸ o	WitotoMinica: d o ɸ o
WitotoMurui: d o ɸ o	0	0.295	0.4333333333333333	0.06
WitotoNipode: d o p o	0.295	0	0.6283333333333334	0.295
Ocaina: tʲ oː ɸ o	0.4333333333333333	0.6283333333333334	0	0.4333333333333333
WitotoMinica: d o ɸ o	0.06	0.295	0.4333333333333333	0

Cogid: 86
	Ocaina: h ɯː ʔ x o m o	Ocaina: h ɯː ʔ x o
Ocaina: h ɯː ʔ x o m o	0	0.33577380952380953
Ocaina: h ɯː ʔ x o	0.33577380952380953	0

Cogid: 873
	WitotoMinica: o n oɯ	MiranhaCarapana-Tapuya: g a n o a g a	Coeruna: k u n i a	Ocaina: o n̥ oː	WitotoNipode: o n oɯ	WitotoMurui: o n oɯ	Ocaina: o n̥ oː p o	WitotoMurui: o n o dʒ ɯ
WitotoMinica: o n oɯ	0	0.7477976190476191	0.7155555555555555	0.49583333333333335	0.04000000000000001	0.06	0.6777777777777777	0.5361111111111111
MiranhaCarapana-Tapuya: g a n o a g a	0.7477976190476191	0	0.6633928571428571	0.7864880952380952	0.7477976190476191	0.7477976190476191	0.8117857142857143	0.6555357142857143
Coeruna: k u n i a	0.7155555555555555	0.6633928571428571	0	0.8294444444444444	0.7155555555555555	0.7155555555555555	0.8294444444444444	0.7766666666666667
Ocaina: o n̥ oː	0.49583333333333335	0.7864880952380952	0.8294444444444444	0	0.49583333333333335	0.49583333333333335	0.4172222222222222	0.6638888888888888
WitotoNipode: o n oɯ	0.04000000000000001	0.7477976190476191	0.7155555555555555	0.49583333333333335	0	0.06	0.6777777777777777	0.5499999999999999
WitotoMurui: o n oɯ	0.06	0.7477976190476191	0.7155555555555555	0.49583333333333335	0.06	0	0.6777777777777777	0.52
Ocaina: o n̥ oː p o	0.6777777777777777	0.8117857142857143	0.8294444444444444	0.4172222222222222	0.6777777777777777	0.6777777777777777	0	0.61
WitotoMurui: o n o dʒ ɯ	0.5361111111111111	0.6555357142857143	0.7766666666666667	0.6638888888888888	0.5499999999999999	0.52	0.61	0

Cogid: 1100
	Ocaina: o dz aː β ɯ n a	Ocaina: o dz a k o n a
Ocaina: o dz aː β ɯ n a	0	0.39803571428571427
Ocaina: o dz a k o n a	0.39803571428571427	0

Cogid: 744
	Ocaina: ɯ ʔ j oː	Ocaina: ɯ ʔ j oː g a
Ocaina: ɯ ʔ j oː	0	0.36999999999999994
Ocaina: ɯ ʔ j oː g a	0.36999999999999994	0

Cogid: 3189
	MiranhaCarapana-Tapuya: a m i	Ocaina: m aː m i
MiranhaCarapana-Tapuya: a m i	0	0.51
Ocaina: m aː m i	0.51	0

Cogid: 999
	WitotoMurui: ɯ n i	Ocaina: oː n a	WitotoMinica: ɯ i n i	WitotoNipode: ɯ i n i
WitotoMurui: ɯ n i	0	0.5058333333333332	0.3729166666666667	0.3729166666666667
Ocaina: oː n a	0.5058333333333332	0	0.64375	0.64375
WitotoMinica: ɯ i n i	0.3729166666666667	0.64375	0	0.04000000000000001
WitotoNipode: ɯ i n i	0.3729166666666667	0.64375	0.04000000000000001	0

Cogid: 581
	WitotoNipode: m oː	WitotoMinica: m oː	Ocaina: m oː	Ocaina: m oː h o	WitotoMurui: m oː
WitotoNipode: m oː	0	0.04000000000000001	0.06	0.5166666666666667	0.06
WitotoMinica: m oː	0.04000000000000001	0	0.06	0.5166666666666667	0.06
Ocaina: m oː	0.06	0.06	0	0.48666666666666664	0.06
Ocaina: m oː h o	0.5166666666666667	0.5166666666666667	0.48666666666666664	0	0.5166666666666667
WitotoMurui: m oː	0.06	0.06	0.06	0.5166666666666667	0

Cogid: 1560
	WitotoNipode: i m a n i	WitotoMurui: i m a n i	Ocaina: m aː n̥ ɯ	WitotoMinica: i m a n i
WitotoNipode: i m a n i	0	0.06	0.7166666666666667	0.04000000000000001
WitotoMurui: i m a n i	0.06	0	0.7166666666666667	0.06
Ocaina: m aː n̥ ɯ	0.7166666666666667	0.7166666666666667	0	0.7166666666666667
WitotoMinica: i m a n i	0.04000000000000001	0.06	0.7166666666666667	0

Cogid: 1843
	Wampis: ʃ i k a p i tʃ	Ocaina: s oː g o	Arabela: s ɨ k aː	Ocaina: t oː g o
Wampis: ʃ i k a p i tʃ	0	0.8704761904761905	0.7682142857142856	0.8704761904761905
Ocaina: s oː g o	0.8704761904761905	0	0.6170833333333333	0.265
Arabela: s ɨ k aː	0.7682142857142856	0.6170833333333333	0	0.8020833333333334
Ocaina: t oː g o	0.8704761904761905	0.265	0.8020833333333334	0

Cogid: 324
	Ocaina: h a ʔ ɸ iː ʔ o	Ocaina: h a ʔ ɸ i ʔ o j iː n a
Ocaina: h a ʔ ɸ iː ʔ o	0	0.4583838383838384
Ocaina: h a ʔ ɸ i ʔ o j iː n a	0.4583838383838384	0

Cogid: 1814
	WitotoMinica: m o n a	Ocaina: x ɯ tʲ a m oː ɲ̥ a	WitotoNipode: m o n a	WitotoMurui: m o n a	Ocaina: b ɯ m̥ o ɲ̥ a
WitotoMinica: m o n a	0	0.7358101851851853	0.04000000000000001	0.07	0.6480952380952381
Ocaina: x ɯ tʲ a m oː ɲ̥ a	0.7358101851851853	0	0.7358101851851853	0.7258101851851853	0.571388888888889
WitotoNipode: m o n a	0.04000000000000001	0.7358101851851853	0	0.07	0.6480952380952381
WitotoMurui: m o n a	0.07	0.7258101851851853	0.07	0	0.638095238095238
Ocaina: b ɯ m̥ o ɲ̥ a	0.6480952380952381	0.571388888888889	0.6480952380952381	0.638095238095238	0

Cogid: 3141
	Ocaina: h ɯ β oː dʲ o	WitotoMurui: aɯ ɸ ɯ	Ocaina: h ɯ β oː
Ocaina: h ɯ β oː dʲ o	0	0.7988095238095239	0.36999999999999994
WitotoMurui: aɯ ɸ ɯ	0.7988095238095239	0	0.7541666666666667
Ocaina: h ɯ β oː	0.36999999999999994	0.7541666666666667	0

Cogid: 2017
	Pebas: w a n a	Ocaina: n ɯː n a
Pebas: w a n a	0	0.48333333333333334
Ocaina: n ɯː n a	0.48333333333333334	0

Cogid: 348
	WitotoMinica: m o n a	WitotoNipode: m o n a	Ocaina: m o ɲ̥ a m o	Ocaina: m oː ɲ̥ a	WitotoMurui: a r e m o n a
WitotoMinica: m o n a	0	0.04000000000000001	0.5190476190476191	0.44999999999999996	0.49672619047619043
WitotoNipode: m o n a	0.04000000000000001	0	0.5190476190476191	0.44999999999999996	0.49672619047619043
Ocaina: m o ɲ̥ a m o	0.5190476190476191	0.5190476190476191	0	0.48904761904761906	0.7169642857142857
Ocaina: m oː ɲ̥ a	0.44999999999999996	0.44999999999999996	0.48904761904761906	0	0.7020833333333334
WitotoMurui: a r e m o n a	0.49672619047619043	0.49672619047619043	0.7169642857142857	0.7020833333333334	0

Cogid: 1369
	WitotoMinica: n a ɯː o	WitotoNipode: n a ɯː o	Ocaina: n a tʲ o	WitotoMurui: n aɯ o	WitotoMinica: n a ɯ o	WitotoMurui: n aɯ o n a
WitotoMinica: n a ɯː o	0	0.04000000000000001	0.325	0.5166666666666667	0.235	0.625
WitotoNipode: n a ɯː o	0.04000000000000001	0	0.325	0.5166666666666667	0.275	0.625
Ocaina: n a tʲ o	0.325	0.325	0	0.5166666666666667	0.325	0.625
WitotoMurui: n aɯ o	0.5166666666666667	0.5166666666666667	0.5166666666666667	0	0.5066666666666667	0.4172222222222222
WitotoMinica: n a ɯ o	0.235	0.275	0.325	0.5066666666666667	0	0.625
WitotoMurui: n aɯ o n a	0.625	0.625	0.625	0.4172222222222222	0.625	0

Cogid: 390
	WitotoNipode: h ɯ k o	WitotoMurui: h ɯ k o	Ocaina: h o ʔ x o	WitotoMinica: h ɯ k o
WitotoNipode: h ɯ k o	0	0.06	0.575	0.04000000000000001
WitotoMurui: h ɯ k o	0.06	0	0.575	0.06
Ocaina: h o ʔ x o	0.575	0.575	0	0.575
WitotoMinica: h ɯ k o	0.04000000000000001	0.06	0.575	0

Cogid: 2913
	WitotoMinica: a m e n a	Andoa: a m a k a	Ocaina: a m̥ ɯɯ ɲ̥ a	WitotoNipode: a m e n a	WitotoMurui: a m e n a
WitotoMinica: a m e n a	0	0.40555555555555556	0.535	0.04999999999999999	0.06
Andoa: a m a k a	0.40555555555555556	0	0.5472222222222222	0.39555555555555555	0.40555555555555556
Ocaina: a m̥ ɯɯ ɲ̥ a	0.535	0.5472222222222222	0	0.545	0.535
WitotoNipode: a m e n a	0.04999999999999999	0.39555555555555555	0.545	0	0.07
WitotoMurui: a m e n a	0.06	0.40555555555555556	0.535	0.07	0

Cogid: 1588
	Ocaina: ts i ɲ iː ʔ o ɸ e	Ocaina: ts i ɲ̥ iː ʔ o ʔ k o
Ocaina: ts i ɲ iː ʔ o ɸ e	0	0.4116666666666666
Ocaina: ts i ɲ̥ iː ʔ o ʔ k o	0.4116666666666666	0

Cogid: 1969
	Ocaina: a m̥ ɯɯ ɲ̥ a	WitotoMurui: a m e n a	WitotoMinica: a m e n a
Ocaina: a m̥ ɯɯ ɲ̥ a	0	0.535	0.535
WitotoMurui: a m e n a	0.535	0	0.06
WitotoMinica: a m e n a	0.535	0.06	0

Cogid: 808
	Ocaina: tʲ o h aː h a	Ocaina: tʲ o h aː
